-0.602117 -0.543794
0 0
0.241163 0.038668
-0.417544 1.17505
4.77517 0.168625
0 0
-0.00174923 -0.00106603
0 0
5.29594 0.424627
0 0
-0.00174923 -0.00106603
0 0
5.36294 0.380379
-0.00227075 0.00251429
0 0
0.000161468 -0.00100704
-0.126847 -0.0371981
0 0
-0.00148916 0.00242007
0 0
0.0630474 0.019083
0 0
-0.00148916 0.00242007
0 0
0.0630104 0.0190978
0 0
0.0630474 0.019083
0 0
0.0630474 0.019083
0 0
-0.000404294 0.00288748
0 0
-0.000404294 0.00288748
0 0
-0.00148916 0.00242007
0 0
0.0630104 0.0190978
0 0
-0.000404294 0.00288748
0 0
0.0630104 0.0190978
0 0
0.00196038 -0.00572463
0.000352067 -0.00996997
0 0
-4.45148e-06 7.30433e-06
0 0
0.000886569 -0.0110573
0 0
0 0
0 0
0.0019855 -0.00926531
0.0197505 -0.120789
0 0
0.239093 0.0371577
-0.527375 1.22421
4.40936 0.0610742
0 0
1.7889e-05 0.000191237
0 0
5.43337 0.498762
0 0
1.7889e-05 0.000191237
0 0
5.50032 0.454527
-0.000504384 -8.24732e-05
0 0
0.000155161 -0.000998394
-0.00578003 -0.0128564
0 0
-0.00232666 0.002173
0 0
0.00304238 0.00571807
0 0
-0.00232666 0.002173
0 0
0.00304065 0.00570896
0 0
0.00304238 0.00571807
0 0
0.00304238 0.00571807
0 0
-0.000196836 0.00294834
0 0
-0.000196836 0.00294834
0 0
-0.00232666 0.002173
0 0
0.00304065 0.00570896
0 0
-0.000196836 0.00294834
0 0
0.00304065 0.00570896
0 0
0.00258779 -0.00553479
0.000127515 -0.0092062
0 0
7.98559e-07 -7.46998e-08
0 0
0.00104135 -0.0113442
0 0
0 0
0 0
0.00214031 -0.00955214
0.01989 -0.0129136
0 0
0.229098 0.0169994
-0.543745 1.21206
4.38656 0.0193877
0 0
6.63666e-06 2.16656e-06
0 0
5.43799 0.514561
0 0
6.63666e-06 2.16656e-06
0 0
5.50495 0.470351
-5.39239e-05 -8.30556e-05
0 0
7.09853e-05 -0.000956657
0.00479447 0.00601786
0 0
-0.000426815 0.00607479
0 0
0.00104396 0.00425474
0 0
-0.000426815 0.00607479
0 0
-0.0110472 -0.0235401
0 0
0.00104396 0.00425474
0 0
0.00104396 0.00425474
0 0
0.00515902 0.014874
0 0
0.00515902 0.014874
0 0
-0.000426815 0.00607479
0 0
-0.0110472 -0.0235401
0 0
0.00515902 0.014874
0 0
-0.0110472 -0.0235401
0 0
-0.0241206 -0.0680988
4.0479e-05 -0.00915858
0 0
0 0
0 0
0.00107434 -0.0113538
0 0
9.04702e-09 -2.7713e-08
0 0
0.00217334 -0.0095618
0.00387363 0.00362096
0 0
0.239153 0.0370728
-0.5429 1.20785
4.39064 0.0117406
0 0
-1.86876e-05 -0.000253702
0 0
5.43629 0.516627
0 0
-1.86876e-05 -0.000253702
0 0
5.50326 0.472442
1.51202e-05 -1.61753e-05
0 0
0.000154807 -0.000998644
0.000287885 4.98008e-05
0 0
-0.00233447 0.00215579
0 0
-0.000167527 3.19999e-05
0 0
-0.00233447 0.00215579
0 0
-0.000170048 2.22715e-05
0 0
-0.000167527 3.19999e-05
0 0
-0.000167527 3.19999e-05
0 0
-0.000196035 0.00295213
0 0
-0.000196035 0.00295213
0 0
-0.00233447 0.00215579
0 0
-0.000170048 2.22715e-05
0 0
-0.000196035 0.00295213
0 0
-0.000170048 2.22715e-05
0 0
0.00259468 -0.0055215
2.45128e-05 -0.00916711
0 0
-1.0594e-06 7.80348e-08
0 0
0.00107865 -0.0113503
0 0
0 0
0 0
0.00217771 -0.00955827
1.39975e-05 -3.34338e-05
0 0
0.239191 0.0367267
-0.542136 1.20742
4.39222 0.0111746
0 0
7.24183e-06 -6.45149e-06
0 0
5.43582 0.516739
0 0
7.24183e-06 -6.45149e-06
0 0
5.50278 0.472541
-1.39611e-07 -5.84501e-08
0 0
0.000153361 -0.0009988
-7.12348e-06 -1.92628e-05
0 0
-0.00235896 0.00204445
0 0
1.33891e-06 4.51392e-06
0 0
-0.00235896 0.00204445
0 0
1.32071e-06 4.35761e-06
0 0
1.33891e-06 4.51392e-06
0 0
1.33891e-06 4.51392e-06
0 0
-0.000189882 0.00298137
0 0
-0.000189882 0.00298137
0 0
-0.00235896 0.00204445
0 0
1.32071e-06 4.35761e-06
0 0
-0.000189882 0.00298137
0 0
1.32071e-06 4.35761e-06
0 0
0.00261239 -0.0054395
2.33312e-05 -0.00917042
0 0
0 0
0 0
0.00107889 -0.0113493
0 0
-2.69398e-08 -3.02401e-08
0 0
0.00217792 -0.00955727
-0.00396312 -0.00386678
0 0
0.239211 0.036708
-0.54294 1.20784
4.39058 0.0116055
0 0
1.25387e-06 -3.43823e-06
0 0
5.4363 0.516699
0 0
1.25387e-06 -3.43823e-06
0 0
5.50327 0.472498
-1.61467e-05 1.6549e-05
0 0
0.000153283 -0.000998884
-0.000448623 -5.59041e-05
0 0
-0.00235836 0.00204263
0 0
0.000201967 -9.06721e-06
0 0
-0.00235836 0.00204263
0 0
0.000201787 -9.8009e-06
0 0
0.000201967 -9.06721e-06
0 0
0.000201967 -9.06721e-06
0 0
-0.000189926 0.00298195
0 0
-0.000189926 0.00298195
0 0
-0.00235836 0.00204263
0 0
0.000201787 -9.8009e-06
0 0
-0.000189926 0.00298195
0 0
0.000201787 -9.8009e-06
0 0
0.00261171 -0.00543832
2.42308e-05 -0.00916699
0 0
0 0
0 0
0.0010788 -0.0113503
0 0
-1.43572e-08 -5.23584e-09
0 0
0.00217783 -0.00955829
-0.0227715 0.00734485
0 0
0.239199 0.0366872
-0.543746 1.21206
4.38655 0.0193875
0 0
-6.61056e-06 -1.99369e-06
0 0
5.43799 0.514561
0 0
-6.61056e-06 -1.99369e-06
0 0
5.50495 0.470351
3.06703e-05 9.50879e-05
0 0
0.000153197 -0.000998837
-0.00129904 0.00187653
0 0
-0.00235885 0.00204428
0 0
0.000481064 -0.000897447
0 0
-0.00235885 0.00204428
0 0
0.00048043 -0.000898615
0 0
0.000481064 -0.000897447
0 0
0.000481064 -0.000897447
0 0
-0.000189438 0.0029818
0 0
-0.000189438 0.0029818
0 0
-0.00235885 0.00204428
0 0
0.00048043 -0.000898615
0 0
-0.000189438 0.0029818
0 0
0.00048043 -0.000898615
0 0
0.00261163 -0.00543982
4.04787e-05 -0.00915858
0 0
-8.32516e-09 2.76041e-08
0 0
0.00107434 -0.0113538
0 0
0 0
0 0
0.00217335 -0.0095618
-0.0198472 0.120545
0 0
0.239153 0.0367948
-0.527335 1.22421
4.40942 0.0612106
0 0
5.61446e-07 6.62757e-05
0 0
5.43336 0.49869
0 0
5.61446e-07 6.62757e-05
0 0
5.50031 0.45447
0.000503366 8.2877e-05
0 0
0.000153646 -0.000998642
0.00561537 0.0128546
0 0
-0.00235037 0.00205977
0 0
-0.00300719 -0.00569606
0 0
-0.00235037 0.00205977
0 0
-0.00300807 -0.00569725
0 0
-0.00300719 -0.00569606
0 0
-0.00300719 -0.00569606
0 0
-0.000190782 0.00297818
0 0
-0.000190782 0.00297818
0 0
-0.00235037 0.00205977
0 0
-0.00300807 -0.00569725
0 0
-0.000190782 0.00297818
0 0
-0.00300807 -0.00569725
0 0
0.0026047 -0.00545161
0.0001278 -0.00920631
0 0
2.76751e-07 -2.34446e-09
0 0
0.0010412 -0.0113442
0 0
0 0
0 0
0.00214019 -0.00955212
0.60213 0.543761
0 0
0.241183 0.0386617
-0.417541 1.17505
4.77517 0.168639
0 0
0.00174199 0.0010725
0 0
5.29594 0.424622
0 0
0.00174199 0.0010725
0 0
5.36295 0.380375
0.00227061 -0.00251435
0 0
0.000161442 -0.00100712
0.126839 0.0371788
0 0
-0.00148811 0.00241804
0 0
-0.063046 -0.0190785
0 0
-0.00148811 0.00241804
0 0
-0.063009 -0.0190934
0 0
-0.063046 -0.0190785
0 0
-0.063046 -0.0190785
0 0
-0.000404556 0.002888
0 0
-0.000404556 0.002888
0 0
-0.00148811 0.00241804
0 0
-0.063009 -0.0190934
0 0
-0.000404556 0.002888
0 0
-0.063009 -0.0190934
0 0
0.00195953 -0.00572324
0.000352097 -0.00996997
0 0
4.4785e-06 -7.27412e-06
0 0
0.000886559 -0.0110573
0 0
0 0
0 0
0.00198548 -0.00926531
