-1.11	5.835	19.725	26.67	19.725	5.835	
-1.07148	5.82099	19.6725	26.6315	19.739	5.88753	
-1.03296	5.80717	19.6201	26.593	19.7528	5.93987	
-0.994443	5.79353	19.568	26.5544	19.7665	5.99203	
-0.955927	5.78007	19.516	26.5159	19.7799	6.044	
-0.917413	5.7668	19.4642	26.4774	19.7932	6.09579	
-0.878902	5.75371	19.4126	26.4389	19.8063	6.14739	
-0.840395	5.74079	19.3612	26.4004	19.8192	6.19881	
-0.801892	5.72806	19.3099	26.3619	19.8319	6.25005	
-0.763393	5.7155	19.2589	26.3234	19.8445	6.3011	
-0.7249	5.70312	19.208	26.2849	19.8569	6.35198	
-0.686412	5.69092	19.1573	26.2464	19.8691	6.40266	
-0.64793	5.6789	19.1068	26.2079	19.8811	6.45317	
-0.609456	5.66705	19.0565	26.1695	19.8929	6.50349	
-0.570989	5.65538	19.0064	26.131	19.9046	6.55364	
-0.53253	5.64388	18.9564	26.0925	19.9161	6.6036	
-0.494079	5.63255	18.9066	26.0541	19.9275	6.65337	
-0.455638	5.62139	18.857	26.0156	19.9386	6.70297	
-0.417206	5.61041	18.8076	25.9772	19.9496	6.75239	
-0.378784	5.5996	18.7584	25.9388	19.9604	6.80162	
-0.340373	5.58895	18.7093	25.9004	19.971	6.85068	
-0.301973	5.57848	18.6605	25.862	19.9815	6.89955	
-0.263585	5.56817	18.6118	25.8236	19.9918	6.94824	
-0.225209	5.55803	18.5632	25.7852	20.002	6.99676	
-0.186845	5.54806	18.5149	25.7468	20.0119	7.04509	
-0.148496	5.53826	18.4668	25.7085	20.0217	7.09325	
-0.11016	5.52862	18.4188	25.6702	20.0314	7.14122	
-0.0718379	5.51914	18.371	25.6318	20.0409	7.18902	
-0.033531	5.50983	18.3234	25.5935	20.0502	7.23664	
0.00476061	5.50068	18.2759	25.5552	20.0593	7.28408	
0.0430363	5.4917	18.2287	25.517	20.0683	7.33134	
0.0812957	5.48287	18.1816	25.4787	20.0771	7.37842	
0.119538	5.47421	18.1347	25.4405	20.0858	7.42533	
0.157764	5.46571	18.0879	25.4022	20.0943	7.47206	
0.195971	5.45736	18.0414	25.364	20.1026	7.51861	
0.23416	5.44917	17.995	25.3258	20.1108	7.56499	
0.27233	5.44115	17.9488	25.2877	20.1189	7.61118	
0.310481	5.43327	17.9028	25.2495	20.1267	7.65721	
0.348613	5.42556	17.8569	25.2114	20.1344	7.70305	
0.386724	5.418	17.8113	25.1733	20.142	7.74872	
0.424814	5.41059	17.7658	25.1352	20.1494	7.79422	
0.462883	5.40334	17.7205	25.0971	20.1567	7.83954	
0.500931	5.39625	17.6753	25.0591	20.1638	7.88469	
0.538956	5.3893	17.6303	25.021	20.1707	7.92966	
0.576959	5.38251	17.5855	24.983	20.1775	7.97445	
0.614939	5.37586	17.5409	24.9451	20.1841	8.01907	
0.652896	5.36937	17.4965	24.9071	20.1906	8.06352	
0.690828	5.36303	17.4522	24.8692	20.197	8.1078	
0.728736	5.35684	17.4081	24.8313	20.2032	8.1519	
0.76662	5.35079	17.3642	24.7934	20.2092	8.19583	
0.804478	5.34489	17.3204	24.7555	20.2151	8.23959	
0.84231	5.33914	17.2768	24.7177	20.2209	8.28317	
0.880116	5.33354	17.2334	24.6799	20.2265	8.32658	
0.917896	5.32807	17.1902	24.6421	20.2319	8.36982	
0.955648	5.32276	17.1471	24.6044	20.2372	8.41289	
0.993374	5.31759	17.1042	24.5666	20.2424	8.45579	
1.03107	5.31256	17.0615	24.5289	20.2474	8.49851	
1.06874	5.30767	17.0189	24.4913	20.2523	8.54107	
1.10638	5.30293	16.9765	24.4536	20.2571	8.58345	
1.14399	5.29832	16.9343	24.416	20.2617	8.62567	
1.18157	5.29386	16.8923	24.3784	20.2661	8.66771	
1.21912	5.28953	16.8504	24.3409	20.2705	8.70959	
1.25665	5.28535	16.8087	24.3034	20.2747	8.7513	
1.29414	5.2813	16.7672	24.2659	20.2787	8.79284	
1.3316	5.27739	16.7258	24.2284	20.2826	8.8342	
1.36902	5.27362	16.6846	24.191	20.2864	8.87541	
1.40642	5.26998	16.6436	24.1536	20.29	8.91644	
1.44378	5.26648	16.6027	24.1162	20.2935	8.9573	
1.48111	5.26311	16.562	24.0789	20.2969	8.998	
1.51841	5.25988	16.5215	24.0416	20.3001	9.03853	
1.55567	5.25678	16.4811	24.0043	20.3032	9.0789	
1.5929	5.25381	16.4409	23.9671	20.3062	9.11909	
1.6301	5.25097	16.4009	23.9299	20.309	9.15913	
1.66726	5.24827	16.361	23.8927	20.3117	9.19899	
1.70439	5.24569	16.3213	23.8556	20.3143	9.23869	
1.74148	5.24325	16.2818	23.8185	20.3167	9.27823	
1.77853	5.24094	16.2424	23.7815	20.3191	9.3176	
1.81555	5.23875	16.2032	23.7445	20.3213	9.3568	
1.85253	5.23669	16.1642	23.7075	20.3233	9.39584	
1.88948	5.23476	16.1253	23.6705	20.3252	9.43472	
1.92638	5.23295	16.0866	23.6336	20.327	9.47343	
1.96325	5.23127	16.048	23.5967	20.3287	9.51198	
2.00009	5.22972	16.0096	23.5599	20.3303	9.55037	
2.03688	5.22829	15.9714	23.5231	20.3317	9.58859	
2.07363	5.22698	15.9333	23.4864	20.333	9.62665	
2.11035	5.2258	15.8954	23.4497	20.3342	9.66455	
2.14703	5.22474	15.8577	23.413	20.3353	9.70229	
2.18366	5.2238	15.8201	23.3763	20.3362	9.73987	
2.22026	5.22298	15.7827	23.3397	20.337	9.77728	
2.25681	5.22228	15.7455	23.3032	20.3377	9.81453	
2.29333	5.2217	15.7084	23.2667	20.3383	9.85163	
2.3298	5.22124	15.6714	23.2302	20.3388	9.88856	
2.36624	5.2209	15.6347	23.1938	20.3391	9.92533	
2.40263	5.22068	15.5981	23.1574	20.3393	9.96195	
2.43898	5.22058	15.5616	23.121	20.3394	9.9984	
2.47528	5.22059	15.5253	23.0847	20.3394	10.0347	
2.51155	5.22071	15.4892	23.0485	20.3393	10.0708	
2.54777	5.22096	15.4532	23.0122	20.339	10.1068	
2.58394	5.22131	15.4174	22.9761	20.3387	10.1426	
2.62008	5.22179	15.3817	22.9399	20.3382	10.1783	
2.65617	5.22237	15.3462	22.9038	20.3376	10.2138	
2.69221	5.22307	15.3109	22.8678	20.3369	10.2491	
2.72821	5.22388	15.2757	22.8318	20.3361	10.2843	
2.76417	5.2248	15.2406	22.7958	20.3352	10.3194	
2.80008	5.22583	15.2057	22.7599	20.3342	10.3543	
2.83594	5.22697	15.171	22.7241	20.333	10.389	
2.87176	5.22822	15.1365	22.6882	20.3318	10.4235	
2.90753	5.22958	15.102	22.6525	20.3304	10.458	
2.94326	5.23105	15.0678	22.6167	20.329	10.4922	
2.97894	5.23262	15.0337	22.5811	20.3274	10.5263	
3.01457	5.23431	14.9997	22.5454	20.3257	10.5603	
3.05016	5.2361	14.9659	22.5098	20.3239	10.5941	
3.0857	5.23799	14.9323	22.4743	20.322	10.6277	
3.12118	5.23999	14.8988	22.4388	20.32	10.6612	
3.15663	5.2421	14.8655	22.4034	20.3179	10.6945	
3.19202	5.2443	14.8323	22.368	20.3157	10.7277	
3.22736	5.24662	14.7993	22.3326	20.3134	10.7607	
3.26266	5.24903	14.7664	22.2973	20.311	10.7936	
3.29791	5.25155	14.7336	22.2621	20.3085	10.8264	
3.3331	5.25417	14.7011	22.2269	20.3058	10.8589	
3.36825	5.25689	14.6686	22.1917	20.3031	10.8914	
3.40335	5.25971	14.6364	22.1567	20.3003	10.9236	
3.43839	5.26263	14.6042	22.1216	20.2974	10.9558	
3.47339	5.26565	14.5723	22.0866	20.2944	10.9877	
3.50834	5.26876	14.5404	22.0517	20.2912	11.0196	
3.54323	5.27198	14.5087	22.0168	20.288	11.0513	
3.57807	5.27529	14.4772	21.9819	20.2847	11.0828	
3.61286	5.2787	14.4458	21.9471	20.2813	11.1142	
3.6476	5.28221	14.4146	21.9124	20.2778	11.1454	
3.68229	5.28581	14.3835	21.8777	20.2742	11.1765	
3.71693	5.28951	14.3526	21.8431	20.2705	11.2074	
3.75151	5.2933	14.3218	21.8085	20.2667	11.2382	
3.78604	5.29718	14.2911	21.774	20.2628	11.2689	
3.82052	5.30116	14.2606	21.7395	20.2588	11.2994	
3.85494	5.30523	14.2303	21.7051	20.2548	11.3297	
3.88931	5.30939	14.2001	21.6707	20.2506	11.3599	
3.92363	5.31365	14.17	21.6364	20.2464	11.39	
3.95789	5.31799	14.1401	21.6021	20.242	11.4199	
3.9921	5.32243	14.1103	21.5679	20.2376	11.4497	
4.02625	5.32695	14.0807	21.5337	20.233	11.4793	
4.06035	5.33157	14.0512	21.4997	20.2284	11.5088	
4.09439	5.33627	14.0219	21.4656	20.2237	11.5381	
4.12838	5.34107	13.9927	21.4316	20.2189	11.5673	
4.16232	5.34595	13.9636	21.3977	20.2141	11.5964	
4.19619	5.35091	13.9347	21.3638	20.2091	11.6253	
4.23002	5.35596	13.9059	21.33	20.204	11.6541	
4.26378	5.3611	13.8773	21.2962	20.1989	11.6827	
4.2975	5.36633	13.8488	21.2625	20.1937	11.7112	
4.33115	5.37164	13.8205	21.2289	20.1884	11.7395	
4.36475	5.37703	13.7923	21.1953	20.183	11.7677	
4.39829	5.38251	13.7642	21.1617	20.1775	11.7958	
4.43177	5.38807	13.7363	21.1282	20.1719	11.8237	
4.4652	5.39371	13.7085	21.0948	20.1663	11.8515	
4.49857	5.39944	13.6809	21.0614	20.1606	11.8791	
4.53188	5.40524	13.6534	21.0281	20.1548	11.9066	
4.56513	5.41113	13.626	20.9949	20.1489	11.934	
4.59833	5.4171	13.5988	20.9617	20.1429	11.9612	
4.63147	5.42315	13.5717	20.9285	20.1369	11.9883	
4.66455	5.42927	13.5447	20.8955	20.1307	12.0153	
4.69757	5.43548	13.5179	20.8624	20.1245	12.0421	
4.73053	5.44177	13.4912	20.8295	20.1182	12.0688	
4.76344	5.44813	13.4647	20.7966	20.1119	12.0953	
4.79628	5.45457	13.4383	20.7637	20.1054	12.1217	
4.82907	5.46108	13.412	20.7309	20.0989	12.148	
4.86179	5.46768	13.3859	20.6982	20.0923	12.1741	
4.89446	5.47434	13.3599	20.6655	20.0857	12.2001	
4.92707	5.48109	13.334	20.6329	20.0789	12.226	
4.95961	5.48791	13.3083	20.6004	20.0721	12.2517	
4.9921	5.4948	13.2827	20.5679	20.0652	12.2773	
5.02453	5.50176	13.2572	20.5355	20.0582	12.3028	
5.0569	5.5088	13.2319	20.5031	20.0512	12.3281	
5.0892	5.51591	13.2067	20.4708	20.0441	12.3533	
5.12145	5.5231	13.1817	20.4386	20.0369	12.3783	
5.15363	5.53035	13.1567	20.4064	20.0296	12.4033	
5.18575	5.53768	13.1319	20.3742	20.0223	12.4281	
5.21782	5.54508	13.1073	20.3422	20.0149	12.4527	
5.24982	5.55254	13.0827	20.3102	20.0075	12.4773	
5.28176	5.56008	13.0583	20.2782	19.9999	12.5017	
5.31363	5.56769	13.0341	20.2464	19.9923	12.5259	
5.34545	5.57536	13.0099	20.2146	19.9846	12.5501	
5.3772	5.5831	12.9859	20.1828	19.9769	12.5741	
5.40889	5.59091	12.962	20.1511	19.9691	12.598	
5.44052	5.59879	12.9383	20.1195	19.9612	12.6217	
5.47209	5.60673	12.9146	20.0879	19.9533	12.6454	
5.5036	5.61474	12.8911	20.0564	19.9453	12.6689	
5.53504	5.62282	12.8678	20.025	19.9372	12.6922	
5.56642	5.63096	12.8445	19.9936	19.929	12.7155	
5.59773	5.63916	12.8214	19.9623	19.9208	12.7386	
5.62899	5.64743	12.7984	19.931	19.9126	12.7616	
5.66018	5.65576	12.7756	19.8998	19.9042	12.7844	
5.6913	5.66416	12.7529	19.8687	19.8958	12.8071	
5.72237	5.67262	12.7303	19.8376	19.8874	12.8297	
5.75337	5.68114	12.7078	19.8066	19.8789	12.8522	
5.7843	5.68972	12.6854	19.7757	19.8703	12.8746	
5.81517	5.69837	12.6632	19.7448	19.8616	12.8968	
5.84598	5.70707	12.6411	19.714	19.8529	12.9189	
5.87673	5.71584	12.6191	19.6833	19.8442	12.9409	
5.90741	5.72466	12.5973	19.6526	19.8353	12.9627	
5.93802	5.73355	12.5755	19.622	19.8265	12.9845	
5.96858	5.74249	12.5539	19.5914	19.8175	13.0061	
5.99906	5.75149	12.5324	19.5609	19.8085	13.0276	
6.02948	5.76055	12.5111	19.5305	19.7994	13.0489	
6.05984	5.76967	12.4898	19.5002	19.7903	13.0702	
6.09014	5.77884	12.4687	19.4699	19.7812	13.0913	
6.12036	5.78807	12.4477	19.4396	19.7719	13.1123	
6.15053	5.79736	12.4268	19.4095	19.7626	13.1332	
6.18062	5.8067	12.4061	19.3794	19.7533	13.1539	
6.21066	5.8161	12.3854	19.3493	19.7439	13.1746	
6.24062	5.82555	12.3649	19.3194	19.7344	13.1951	
6.27052	5.83506	12.3445	19.2895	19.7249	13.2155	
6.30036	5.84462	12.3243	19.2596	19.7154	13.2357	
6.33013	5.85424	12.3041	19.2299	19.7058	13.2559	
6.35984	5.86391	12.2841	19.2002	19.6961	13.2759	
6.38948	5.87363	12.2642	19.1705	19.6864	13.2958	
6.41905	5.8834	12.2444	19.141	19.6766	13.3156	
6.44856	5.89322	12.2247	19.1114	19.6668	13.3353	
6.478	5.9031	12.2051	19.082	19.6569	13.3549	
6.50737	5.91303	12.1857	19.0526	19.647	13.3743	
6.53668	5.923	12.1663	19.0233	19.637	13.3937	
6.56592	5.93303	12.1471	18.9941	19.627	13.4129	
6.5951	5.94311	12.128	18.9649	19.6169	13.432	
6.62421	5.95323	12.109	18.9358	19.6068	13.451	
6.65325	5.96341	12.0902	18.9068	19.5966	13.4698	
6.68223	5.97363	12.0714	18.8778	19.5864	13.4886	
6.71113	5.9839	12.0528	18.8489	19.5761	13.5072	
6.73998	5.99422	12.0342	18.82	19.5658	13.5258	
6.76875	6.00458	12.0158	18.7912	19.5554	13.5442	
6.79746	6.015	11.9975	18.7625	19.545	13.5625	
6.8261	6.02545	11.9794	18.7339	19.5345	13.5806	
6.85468	6.03596	11.9613	18.7053	19.524	13.5987	
6.88318	6.04651	11.9433	18.6768	19.5135	13.6167	
6.91162	6.0571	11.9255	18.6484	19.5029	13.6345	
6.94	6.06774	11.9077	18.62	19.4923	13.6523	
6.9683	6.07842	11.8901	18.5917	19.4816	13.6699	
6.99654	6.08915	11.8726	18.5635	19.4709	13.6874	
7.02471	6.09992	11.8552	18.5353	19.4601	13.7048	
7.05281	6.11073	11.8379	18.5072	19.4493	13.7221	
7.08085	6.12159	11.8207	18.4792	19.4384	13.7393	
7.10882	6.13248	11.8037	18.4512	19.4275	13.7563	
7.13672	6.14342	11.7867	18.4233	19.4166	13.7733	
7.16455	6.1544	11.7699	18.3954	19.4056	13.7901	
7.19231	6.16542	11.7531	18.3677	19.3946	13.8069	
7.22001	6.17648	11.7365	18.34	19.3835	13.8235	
7.24764	6.18758	11.7199	18.3124	19.3724	13.8401	
7.2752	6.19873	11.7035	18.2848	19.3613	13.8565	
7.30269	6.20991	11.6872	18.2573	19.3501	13.8728	
7.33012	6.22113	11.671	18.2299	19.3389	13.889	
7.35748	6.23238	11.6549	18.2025	19.3276	13.9051	
7.38476	6.24368	11.6389	18.1752	19.3163	13.9211	
7.41198	6.25501	11.623	18.148	19.305	13.937	
7.43914	6.26639	11.6072	18.1209	19.2936	13.9528	
7.46622	6.27779	11.5916	18.0938	19.2822	13.9684	
7.49324	6.28924	11.576	18.0668	19.2708	13.984	
7.52018	6.30072	11.5605	18.0398	19.2593	13.9995	
7.54706	6.31224	11.5452	18.0129	19.2478	14.0148	
7.57387	6.32379	11.5299	17.9861	19.2362	14.0301	
7.60061	6.33538	11.5148	17.9594	19.2246	14.0452	
7.62729	6.347	11.4997	17.9327	19.213	14.0603	
7.65389	6.35866	11.4848	17.9061	19.2013	14.0752	
7.68043	6.37035	11.4699	17.8796	19.1897	14.0901	
7.7069	6.38207	11.4552	17.8531	19.1779	14.1048	
7.7333	6.39383	11.4405	17.8267	19.1662	14.1195	
7.75963	6.40562	11.426	17.8004	19.1544	14.134	
7.78589	6.41745	11.4116	17.7741	19.1426	14.1484	
7.81208	6.4293	11.3972	17.7479	19.1307	14.1628	
7.83821	6.44119	11.383	17.7218	19.1188	14.177	
7.86426	6.45311	11.3688	17.6957	19.1069	14.1912	
7.89025	6.46506	11.3548	17.6697	19.0949	14.2052	
7.91617	6.47704	11.3409	17.6438	19.083	14.2191	
7.94202	6.48905	11.327	17.618	19.071	14.233	
7.9678	6.50109	11.3133	17.5922	19.0589	14.2467	
7.99351	6.51316	11.2996	17.5665	19.0468	14.2604	
8.01916	6.52526	11.2861	17.5408	19.0347	14.2739	
8.04473	6.53739	11.2727	17.5153	19.0226	14.2873	
8.07024	6.54955	11.2593	17.4898	19.0105	14.3007	
8.09568	6.56174	11.2461	17.4643	18.9983	14.3139	
8.12104	6.57395	11.2329	17.439	18.986	14.3271	
8.14634	6.58619	11.2198	17.4137	18.9738	14.3402	
8.17157	6.59846	11.2069	17.3884	18.9615	14.3531	
8.19674	6.61076	11.194	17.3633	18.9492	14.366	
8.22183	6.62308	11.1813	17.3382	18.9369	14.3787	
8.24685	6.63543	11.1686	17.3131	18.9246	14.3914	
8.27181	6.6478	11.156	17.2882	18.9122	14.404	
8.29669	6.66021	11.1435	17.2633	18.8998	14.4165	
8.32151	6.67263	11.1311	17.2385	18.8874	14.4289	
8.34626	6.68508	11.1188	17.2137	18.8749	14.4412	
8.37094	6.69756	11.1066	17.1891	18.8624	14.4534	
8.39555	6.71006	11.0945	17.1645	18.8499	14.4655	
8.42009	6.72258	11.0825	17.1399	18.8374	14.4775	
8.44456	6.73513	11.0706	17.1154	18.8249	14.4894	
8.46897	6.7477	11.0587	17.091	18.8123	14.5013	
8.4933	6.76029	11.047	17.0667	18.7997	14.513	
8.51757	6.77291	11.0353	17.0424	18.7871	14.5247	
8.54177	6.78555	11.0238	17.0182	18.7745	14.5362	
8.5659	6.79821	11.0123	16.9941	18.7618	14.5477	
8.58996	6.81089	11.0009	16.97	18.7491	14.5591	
8.61395	6.8236	10.9896	16.9461	18.7364	14.5704	
8.63787	6.83632	10.9785	16.9221	18.7237	14.5815	
8.66172	6.84907	10.9673	16.8983	18.7109	14.5927	
8.68551	6.86183	10.9563	16.8745	18.6982	14.6037	
8.70922	6.87462	10.9454	16.8508	18.6854	14.6146	
8.73287	6.88743	10.9346	16.8271	18.6726	14.6254	
8.75645	6.90025	10.9238	16.8036	18.6597	14.6362	
8.77996	6.9131	10.9131	16.78	18.6469	14.6469	
8.8034	6.92596	10.9026	16.7566	18.634	14.6574	
8.82677	6.93884	10.8921	16.7332	18.6212	14.6679	
8.85008	6.95174	10.8817	16.7099	18.6083	14.6783	
8.87331	6.96466	10.8714	16.6867	18.5953	14.6886	
8.89648	6.9776	10.8611	16.6635	18.5824	14.6989	
8.91958	6.99055	10.851	16.6404	18.5694	14.709	
8.94261	7.00353	10.8409	16.6174	18.5565	14.7191	
8.96557	7.01651	10.8309	16.5944	18.5435	14.7291	
8.98846	7.02952	10.8211	16.5715	18.5305	14.7389	
9.01128	7.04254	10.8113	16.5487	18.5175	14.7487	
9.03404	7.05558	10.8015	16.526	18.5044	14.7585	
9.05673	7.06863	10.7919	16.5033	18.4914	14.7681	
9.07935	7.0817	10.7824	16.4807	18.4783	14.7776	
9.1019	7.09478	10.7729	16.4581	18.4652	14.7871	
9.12438	7.10788	10.7635	16.4356	18.4521	14.7965	
9.14679	7.12099	10.7542	16.4132	18.439	14.8058	
9.16914	7.13412	10.745	16.3909	18.4259	14.815	
9.19142	7.14726	10.7358	16.3686	18.4127	14.8242	
9.21363	7.16042	10.7268	16.3464	18.3996	14.8332	
9.23577	7.17358	10.7178	16.3242	18.3864	14.8422	
9.25784	7.18677	10.7089	16.3022	18.3732	14.8511	
9.27985	7.19996	10.7001	16.2802	18.36	14.8599	
9.30178	7.21317	10.6914	16.2582	18.3468	14.8686	
9.32365	7.22639	10.6827	16.2363	18.3336	14.8773	
9.34545	7.23962	10.6742	16.2145	18.3204	14.8858	
9.36719	7.25286	10.6657	16.1928	18.3071	14.8943	
9.38885	7.26611	10.6573	16.1711	18.2939	14.9027	
9.41045	7.27938	10.6489	16.1496	18.2806	14.9111	
9.43198	7.29266	10.6407	16.128	18.2673	14.9193	
9.45344	7.30594	10.6325	16.1066	18.2541	14.9275	
9.47483	7.31924	10.6244	16.0852	18.2408	14.9356	
9.49616	7.33255	10.6164	16.0638	18.2274	14.9436	
9.51742	7.34587	10.6084	16.0426	18.2141	14.9516	
9.53861	7.3592	10.6006	16.0214	18.2008	14.9594	
9.55974	7.37253	10.5928	16.0003	18.1875	14.9672	
9.58079	7.38588	10.5851	15.9792	18.1741	14.9749	
9.60178	7.39924	10.5775	15.9582	18.1608	14.9825	
9.6227	7.4126	10.5699	15.9373	18.1474	14.9901	
9.64356	7.42597	10.5624	15.9164	18.134	14.9976	
9.66435	7.43935	10.555	15.8957	18.1206	15.005	
9.68507	7.45274	10.5477	15.8749	18.1073	15.0123	
9.70572	7.46614	10.5404	15.8543	18.0939	15.0196	
9.7263	7.47954	10.5332	15.8337	18.0805	15.0268	
9.74682	7.49295	10.5261	15.8132	18.067	15.0339	
9.76728	7.50637	10.5191	15.7927	18.0536	15.0409	
9.78766	7.5198	10.5121	15.7723	18.0402	15.0479	
9.80798	7.53323	10.5052	15.752	18.0268	15.0548	
9.82823	7.54666	10.4984	15.7318	18.0133	15.0616	
9.84842	7.56011	10.4917	15.7116	17.9999	15.0683	
9.86853	7.57355	10.485	15.6915	17.9864	15.075	
9.88858	7.58701	10.4784	15.6714	17.973	15.0816	
9.90857	7.60047	10.4719	15.6514	17.9595	15.0881	
9.92849	7.61393	10.4654	15.6315	17.9461	15.0946	
9.94834	7.6274	10.4591	15.6117	17.9326	15.1009	
9.96813	7.64088	10.4528	15.5919	17.9191	15.1072	
9.98784	7.65435	10.4465	15.5722	17.9056	15.1135	
10.0075	7.66784	10.4403	15.5525	17.8922	15.1197	
10.0271	7.68132	10.4342	15.5329	17.8787	15.1258	
10.0466	7.69481	10.4282	15.5134	17.8652	15.1318	
10.0661	7.7083	10.4222	15.4939	17.8517	15.1378	
10.0854	7.7218	10.4164	15.4746	17.8382	15.1436	
10.1048	7.7353	10.4105	15.4552	17.8247	15.1495	
10.124	7.7488	10.4048	15.436	17.8112	15.1552	
10.1432	7.7623	10.3991	15.4168	17.7977	15.1609	
10.1623	7.77581	10.3935	15.3977	17.7842	15.1665	
10.1814	7.78932	10.3879	15.3786	17.7707	15.1721	
10.2004	7.80283	10.3824	15.3596	17.7572	15.1776	
10.2193	7.81634	10.377	15.3407	17.7437	15.183	
10.2382	7.82986	10.3717	15.3218	17.7301	15.1883	
10.257	7.84337	10.3664	15.303	17.7166	15.1936	
10.2757	7.85689	10.3612	15.2843	17.7031	15.1988	
10.2944	7.8704	10.356	15.2656	17.6896	15.204	
10.313	7.88392	10.3509	15.247	17.6761	15.2091	
10.3315	7.89744	10.3459	15.2285	17.6626	15.2141	
10.35	7.91095	10.341	15.21	17.649	15.219	
10.3684	7.92447	10.3361	15.1916	17.6355	15.2239	
10.3868	7.93799	10.3312	15.1732	17.622	15.2288	
10.405	7.9515	10.3265	15.155	17.6085	15.2335	
10.4232	7.96502	10.3218	15.1368	17.595	15.2382	
10.4414	7.97854	10.3171	15.1186	17.5815	15.2429	
10.4595	7.99205	10.3126	15.1005	17.568	15.2474	
10.4775	8.00556	10.3081	15.0825	17.5544	15.2519	
10.4955	8.01907	10.3036	15.0645	17.5409	15.2564	
10.5133	8.03258	10.2992	15.0467	17.5274	15.2608	
10.5312	8.04609	10.2949	15.0288	17.5139	15.2651	
10.5489	8.05959	10.2907	15.0111	17.5004	15.2693	
10.5666	8.0731	10.2865	14.9934	17.4869	15.2735	
10.5843	8.0866	10.2823	14.9757	17.4734	15.2777	
10.6018	8.1001	10.2783	14.9582	17.4599	15.2817	
10.6193	8.11359	10.2742	14.9407	17.4464	15.2858	
10.6368	8.12708	10.2703	14.9232	17.4329	15.2897	
10.6542	8.14057	10.2664	14.9058	17.4194	15.2936	
10.6715	8.15406	10.2626	14.8885	17.4059	15.2974	
10.6887	8.16754	10.2588	14.8713	17.3925	15.3012	
10.7059	8.18102	10.2551	14.8541	17.379	15.3049	
10.7231	8.19449	10.2514	14.8369	17.3655	15.3086	
10.7401	8.20796	10.2478	14.8199	17.352	15.3122	
10.7571	8.22142	10.2443	14.8029	17.3386	15.3157	
10.7741	8.23488	10.2408	14.7859	17.3251	15.3192	
10.7909	8.24834	10.2374	14.7691	17.3117	15.3226	
10.8077	8.26179	10.2341	14.7523	17.2982	15.3259	
10.8245	8.27524	10.2308	14.7355	17.2848	15.3292	
10.8412	8.28868	10.2275	14.7188	17.2713	15.3325	
10.8578	8.30211	10.2243	14.7022	17.2579	15.3357	
10.8744	8.31554	10.2212	14.6856	17.2445	15.3388	
10.8909	8.32897	10.2181	14.6691	17.231	15.3419	
10.9073	8.34238	10.2151	14.6527	17.2176	15.3449	
10.9237	8.3558	10.2121	14.6363	17.2042	15.3479	
10.94	8.3692	10.2092	14.62	17.1908	15.3508	
10.9562	8.3826	10.2064	14.6038	17.1774	15.3536	
10.9724	8.39599	10.2036	14.5876	17.164	15.3564	
10.9885	8.40938	10.2008	14.5715	17.1506	15.3592	
11.0046	8.42276	10.1981	14.5554	17.1372	15.3619	
11.0206	8.43613	10.1955	14.5394	17.1239	15.3645	
11.0366	8.44949	10.1929	14.5234	17.1105	15.3671	
11.0524	8.46285	10.1904	14.5076	17.0972	15.3696	
11.0683	8.4762	10.1879	14.4917	17.0838	15.3721	
11.084	8.48954	10.1855	14.476	17.0705	15.3745	
11.0997	8.50287	10.1832	14.4603	17.0571	15.3768	
11.1153	8.51619	10.1809	14.4447	17.0438	15.3791	
11.1309	8.52951	10.1786	14.4291	17.0305	15.3814	
11.1464	8.54282	10.1764	14.4136	17.0172	15.3836	
11.1619	8.55612	10.1742	14.3981	17.0039	15.3858	
11.1773	8.56941	10.1721	14.3827	16.9906	15.3879	
11.1926	8.58269	10.1701	14.3674	16.9773	15.3899	
11.2079	8.59596	10.1681	14.3521	16.964	15.3919	
11.2231	8.60923	10.1661	14.3369	16.9508	15.3939	
11.2382	8.62248	10.1642	14.3218	16.9375	15.3958	
11.2533	8.63572	10.1624	14.3067	16.9243	15.3976	
11.2684	8.64896	10.1606	14.2916	16.911	15.3994	
11.2833	8.66218	10.1589	14.2767	16.8978	15.4011	
11.2982	8.6754	10.1572	14.2618	16.8846	15.4028	
11.3131	8.6886	10.1555	14.2469	16.8714	15.4045	
11.3279	8.7018	10.1539	14.2321	16.8582	15.4061	
11.3426	8.71498	10.1524	14.2174	16.845	15.4076	
11.3573	8.72816	10.1509	14.2027	16.8318	15.4091	
11.3719	8.74132	10.1494	14.1881	16.8187	15.4106	
11.3864	8.75447	10.148	14.1736	16.8055	15.412	
11.4009	8.76761	10.1467	14.1591	16.7924	15.4133	
11.4154	8.78074	10.1454	14.1446	16.7793	15.4146	
11.4298	8.79386	10.1441	14.1302	16.7661	15.4159	
11.4441	8.80697	10.1429	14.1159	16.753	15.4171	
11.4583	8.82006	10.1417	14.1017	16.7399	15.4183	
11.4725	8.83315	10.1406	14.0875	16.7269	15.4194	
11.4867	8.84622	10.1395	14.0733	16.7138	15.4205	
11.5008	8.85928	10.1385	14.0592	16.7007	15.4215	
11.5148	8.87233	10.1375	14.0452	16.6877	15.4225	
11.5288	8.88536	10.1366	14.0312	16.6746	15.4234	
11.5427	8.89839	10.1357	14.0173	16.6616	15.4243	
11.5565	8.9114	10.1349	14.0035	16.6486	15.4251	
11.5703	8.92439	10.1341	13.9897	16.6356	15.4259	
11.584	8.93738	10.1333	13.976	16.6226	15.4267	
11.5977	8.95035	10.1326	13.9623	16.6096	15.4274	
11.6113	8.96331	10.132	13.9487	16.5967	15.428	
11.6249	8.97626	10.1314	13.9351	16.5837	15.4286	
11.6384	8.98919	10.1308	13.9216	16.5708	15.4292	
11.6519	9.00211	10.1303	13.9081	16.5579	15.4297	
11.6652	9.01502	10.1298	13.8948	16.545	15.4302	
11.6786	9.02791	10.1293	13.8814	16.5321	15.4307	
11.6919	9.04079	10.1289	13.8681	16.5192	15.4311	
11.7051	9.05365	10.1286	13.8549	16.5063	15.4314	
11.7182	9.06651	10.1283	13.8418	16.4935	15.4317	
11.7314	9.07934	10.128	13.8286	16.4807	15.432	
11.7444	9.09217	10.1278	13.8156	16.4678	15.4322	
11.7574	9.10497	10.1276	13.8026	16.455	15.4324	
11.7703	9.11777	10.1274	13.7897	16.4422	15.4326	
11.7832	9.13055	10.1273	13.7768	16.4295	15.4327	
11.796	9.14331	10.1273	13.764	16.4167	15.4327	
11.8088	9.15606	10.1272	13.7512	16.4039	15.4328	
11.8215	9.1688	10.1273	13.7385	16.3912	15.4327	
11.8342	9.18152	10.1273	13.7258	16.3785	15.4327	
11.8468	9.19422	10.1274	13.7132	16.3658	15.4326	
11.8593	9.20691	10.1276	13.7007	16.3531	15.4324	
11.8718	9.21958	10.1277	13.6882	16.3404	15.4323	
11.8843	9.23224	10.128	13.6757	16.3278	15.432	
11.8967	9.24488	10.1282	13.6633	16.3151	15.4318	
11.909	9.25751	10.1285	13.651	16.3025	15.4315	
11.9213	9.27012	10.1289	13.6387	16.2899	15.4311	
11.9335	9.28272	10.1292	13.6265	16.2773	15.4308	
11.9456	9.2953	10.1297	13.6144	16.2647	15.4303	
11.9578	9.30786	10.1301	13.6022	16.2521	15.4299	
11.9698	9.32041	10.1306	13.5902	16.2396	15.4294	
11.9818	9.33294	10.1311	13.5782	16.2271	15.4289	
11.9938	9.34545	10.1317	13.5662	16.2145	15.4283	
12.0056	9.35795	10.1323	13.5544	16.202	15.4277	
12.0175	9.37043	10.1329	13.5425	16.1896	15.4271	
12.0293	9.3829	10.1336	13.5307	16.1771	15.4264	
12.041	9.39534	10.1343	13.519	16.1647	15.4257	
12.0527	9.40778	10.1351	13.5073	16.1522	15.4249	
12.0643	9.42019	10.1359	13.4957	16.1398	15.4241	
12.0759	9.43259	10.1367	13.4841	16.1274	15.4233	
12.0874	9.44496	10.1376	13.4726	16.115	15.4224	
12.0989	9.45733	10.1385	13.4611	16.1027	15.4215	
12.1103	9.46967	10.1394	13.4497	16.0903	15.4206	
12.1216	9.482	10.1404	13.4384	16.078	15.4196	
12.1329	9.49431	10.1414	13.4271	16.0657	15.4186	
12.1442	9.5066	10.1424	13.4158	16.0534	15.4176	
12.1554	9.51887	10.1435	13.4046	16.0411	15.4165	
12.1665	9.53113	10.1446	13.3935	16.0289	15.4154	
12.1776	9.54337	10.1457	13.3824	16.0166	15.4143	
12.1887	9.55559	10.1469	13.3713	16.0044	15.4131	
12.1997	9.56779	10.1481	13.3603	15.9922	15.4119	
12.2106	9.57997	10.1494	13.3494	15.98	15.4106	
12.2215	9.59214	10.1506	13.3385	15.9679	15.4094	
12.2323	9.60429	10.1519	13.3277	15.9557	15.4081	
12.2431	9.61641	10.1533	13.3169	15.9436	15.4067	
12.2539	9.62852	10.1547	13.3061	15.9315	15.4053	
12.2645	9.64062	10.1561	13.2955	15.9194	15.4039	
12.2752	9.65269	10.1575	13.2848	15.9073	15.4025	
12.2858	9.66474	10.159	13.2742	15.8953	15.401	
12.2963	9.67678	10.1605	13.2637	15.8832	15.3995	
12.3068	9.68879	10.162	13.2532	15.8712	15.398	
12.3172	9.70079	10.1636	13.2428	15.8592	15.3964	
12.3276	9.71277	10.1652	13.2324	15.8472	15.3948	
12.3379	9.72473	10.1668	13.2221	15.8353	15.3932	
12.3482	9.73667	10.1685	13.2118	15.8233	15.3915	
12.3584	9.74859	10.1702	13.2016	15.8114	15.3898	
12.3686	9.76049	10.1719	13.1914	15.7995	15.3881	
12.3787	9.77237	10.1737	13.1813	15.7876	15.3863	
12.3888	9.78423	10.1755	13.1712	15.7758	15.3845	
12.3988	9.79607	10.1773	13.1612	15.7639	15.3827	
12.4088	9.80789	10.1791	13.1512	15.7521	15.3809	
12.4187	9.81969	10.181	13.1413	15.7403	15.379	
12.4286	9.83148	10.1829	13.1314	15.7285	15.3771	
12.4384	9.84324	10.1848	13.1216	15.7168	15.3752	
12.4482	9.85498	10.1868	13.1118	15.705	15.3732	
12.4579	9.8667	10.1888	13.1021	15.6933	15.3712	
12.4676	9.87841	10.1908	13.0924	15.6816	15.3692	
12.4772	9.89009	10.1928	13.0828	15.6699	15.3672	
12.4868	9.90175	10.1949	13.0732	15.6582	15.3651	
12.4964	9.91339	10.197	13.0636	15.6466	15.363	
12.5058	9.92501	10.1992	13.0542	15.635	15.3608	
12.5153	9.93661	10.2013	13.0447	15.6234	15.3587	
12.5247	9.94819	10.2035	13.0353	15.6118	15.3565	
12.534	9.95975	10.2057	13.026	15.6002	15.3543	
12.5433	9.97129	10.208	13.0167	15.5887	15.352	
12.5526	9.98281	10.2102	13.0074	15.5772	15.3498	
12.5618	9.99431	10.2125	12.9982	15.5657	15.3475	
12.5709	10.0058	10.2149	12.9891	15.5542	15.3451	
12.58	10.0172	10.2172	12.98	15.5428	15.3428	
12.5891	10.0287	10.2196	12.9709	15.5313	15.3404	
12.5981	10.0401	10.222	12.9619	15.5199	15.338	
12.6071	10.0515	10.2244	12.9529	15.5085	15.3356	
12.616	10.0628	10.2269	12.944	15.4972	15.3331	
12.6248	10.0742	10.2294	12.9352	15.4858	15.3306	
12.6337	10.0855	10.2319	12.9263	15.4745	15.3281	
12.6424	10.0968	10.2344	12.9176	15.4632	15.3256	
12.6512	10.1081	10.2369	12.9088	15.4519	15.3231	
12.6599	10.1194	10.2395	12.9001	15.4406	15.3205	
12.6685	10.1306	10.2421	12.8915	15.4294	15.3179	
12.6771	10.1418	10.2448	12.8829	15.4182	15.3152	
12.6856	10.153	10.2474	12.8744	15.407	15.3126	
12.6941	10.1642	10.2501	12.8659	15.3958	15.3099	
12.7026	10.1754	10.2528	12.8574	15.3846	15.3072	
12.711	10.1865	10.2555	12.849	15.3735	15.3045	
12.7194	10.1976	10.2583	12.8406	15.3624	15.3017	
12.7277	10.2087	10.261	12.8323	15.3513	15.299	
12.7359	10.2198	10.2638	12.8241	15.3402	15.2962	
12.7442	10.2308	10.2667	12.8158	15.3292	15.2933	
12.7524	10.2419	10.2695	12.8076	15.3181	15.2905	
12.7605	10.2529	10.2724	12.7995	15.3071	15.2876	
12.7686	10.2638	10.2753	12.7914	15.2962	15.2847	
12.7766	10.2748	10.2782	12.7834	15.2852	15.2818	
12.7846	10.2857	10.2811	12.7754	15.2743	15.2789	
12.7926	10.2967	10.2841	12.7674	15.2633	15.2759	
12.8005	10.3075	10.287	12.7595	15.2525	15.273	
12.8084	10.3184	10.29	12.7516	15.2416	15.27	
12.8162	10.3293	10.2931	12.7438	15.2307	15.2669	
12.824	10.3401	10.2961	12.736	15.2199	15.2639	
12.8317	10.3509	10.2992	12.7283	15.2091	15.2608	
12.8394	10.3617	10.3022	12.7206	15.1983	15.2578	
12.8471	10.3724	10.3053	12.7129	15.1876	15.2547	
12.8547	10.3832	10.3085	12.7053	15.1768	15.2515	
12.8623	10.3939	10.3116	12.6977	15.1661	15.2484	
12.8698	10.4046	10.3148	12.6902	15.1554	15.2452	
12.8773	10.4152	10.318	12.6827	15.1448	15.242	
12.8847	10.4259	10.3212	12.6753	15.1341	15.2388	
12.8921	10.4365	10.3244	12.6679	15.1235	15.2356	
12.8994	10.4471	10.3277	12.6606	15.1129	15.2323	
12.9068	10.4577	10.3309	12.6532	15.1023	15.2291	
12.914	10.4682	10.3342	12.646	15.0918	15.2258	
12.9212	10.4788	10.3375	12.6388	15.0812	15.2225	
12.9284	10.4893	10.3408	12.6316	15.0707	15.2192	
12.9356	10.4997	10.3442	12.6244	15.0603	15.2158	
12.9427	10.5102	10.3475	12.6173	15.0498	15.2125	
12.9497	10.5206	10.3509	12.6103	15.0394	15.2091	
12.9567	10.5311	10.3543	12.6033	15.0289	15.2057	
12.9637	10.5415	10.3577	12.5963	15.0185	15.2023	
12.9706	10.5518	10.3612	12.5894	15.0082	15.1988	
12.9775	10.5622	10.3646	12.5825	14.9978	15.1954	
12.9844	10.5725	10.3681	12.5756	14.9875	15.1919	
12.9912	10.5828	10.3716	12.5688	14.9772	15.1884	
12.998	10.5931	10.3751	12.562	14.9669	15.1849	
13.0047	10.6033	10.3786	12.5553	14.9567	15.1814	
13.0114	10.6136	10.3822	12.5486	14.9464	15.1778	
13.018	10.6238	10.3857	12.542	14.9362	15.1743	
13.0246	10.6339	10.3893	12.5354	14.9261	15.1707	
13.0312	10.6441	10.3929	12.5288	14.9159	15.1671	
13.0377	10.6542	10.3965	12.5223	14.9058	15.1635	
13.0442	10.6643	10.4001	12.5158	14.8957	15.1599	
13.0507	10.6744	10.4038	12.5093	14.8856	15.1562	
13.0571	10.6845	10.4074	12.5029	14.8755	15.1526	
13.0634	10.6945	10.4111	12.4966	14.8655	15.1489	
13.0697	10.7046	10.4148	12.4903	14.8554	15.1452	
13.076	10.7146	10.4185	12.484	14.8454	15.1415	
13.0823	10.7245	10.4222	12.4777	14.8355	15.1378	
13.0885	10.7345	10.426	12.4715	14.8255	15.134	
13.0947	10.7444	10.4297	12.4653	14.8156	15.1303	
13.1008	10.7543	10.4335	12.4592	14.8057	15.1265	
13.1069	10.7642	10.4373	12.4531	14.7958	15.1227	
13.1129	10.774	10.4411	12.4471	14.786	15.1189	
13.1189	10.7839	10.4449	12.4411	14.7761	15.1151	
13.1249	10.7937	10.4487	12.4351	14.7663	15.1113	
13.1309	10.8034	10.4526	12.4291	14.7566	15.1074	
13.1368	10.8132	10.4564	12.4232	14.7468	15.1036	
13.1426	10.8229	10.4603	12.4174	14.7371	15.0997	
13.1484	10.8326	10.4642	12.4116	14.7274	15.0958	
13.1542	10.8423	10.4681	12.4058	14.7177	15.0919	
13.16	10.852	10.472	12.4	14.708	15.088	
13.1657	10.8616	10.4759	12.3943	14.6984	15.0841	
13.1714	10.8712	10.4799	12.3886	14.6888	15.0801	
13.177	10.8808	10.4838	12.383	14.6792	15.0762	
13.1826	10.8904	10.4878	12.3774	14.6696	15.0722	
13.1882	10.8999	10.4918	12.3718	14.6601	15.0682	
13.1937	10.9095	10.4958	12.3663	14.6505	15.0642	
13.1992	10.919	10.4998	12.3608	14.641	15.0602	
13.2046	10.9284	10.5038	12.3554	14.6316	15.0562	
13.21	10.9379	10.5079	12.35	14.6221	15.0521	
13.2154	10.9473	10.5119	12.3446	14.6127	15.0481	
13.2207	10.9567	10.516	12.3393	14.6033	15.044	
13.226	10.9661	10.52	12.334	14.5939	15.04	
13.2313	10.9754	10.5241	12.3287	14.5846	15.0359	
13.2365	10.9848	10.5282	12.3235	14.5752	15.0318	
13.2417	10.9941	10.5323	12.3183	14.5659	15.0277	
13.2469	11.0033	10.5364	12.3131	14.5567	15.0236	
13.252	11.0126	10.5406	12.308	14.5474	15.0194	
13.2571	11.0218	10.5447	12.3029	14.5382	15.0153	
13.2622	11.031	10.5489	12.2978	14.529	15.0111	
13.2672	11.0402	10.553	12.2928	14.5198	15.007	
13.2722	11.0494	10.5572	12.2878	14.5106	15.0028	
13.2771	11.0585	10.5614	12.2829	14.5015	14.9986	
13.282	11.0676	10.5656	12.278	14.4924	14.9944	
13.2869	11.0767	10.5698	12.2731	14.4833	14.9902	
13.2917	11.0858	10.574	12.2683	14.4742	14.986	
13.2966	11.0948	10.5782	12.2634	14.4652	14.9818	
13.3013	11.1038	10.5825	12.2587	14.4562	14.9775	
13.3061	11.1128	10.5867	12.2539	14.4472	14.9733	
13.3108	11.1218	10.591	12.2492	14.4382	14.969	
13.3154	11.1307	10.5953	12.2446	14.4293	14.9647	
13.3201	11.1396	10.5995	12.2399	14.4204	14.9605	
13.3247	11.1485	10.6038	12.2353	14.4115	14.9562	
13.3293	11.1574	10.6081	12.2307	14.4026	14.9519	
13.3338	11.1662	10.6124	12.2262	14.3938	14.9476	
13.3383	11.1751	10.6168	12.2217	14.3849	14.9432	
13.3428	11.1838	10.6211	12.2172	14.3762	14.9389	
13.3472	11.1926	10.6254	12.2128	14.3674	14.9346	
13.3516	11.2014	10.6298	12.2084	14.3586	14.9302	
13.356	11.2101	10.6341	12.204	14.3499	14.9259	
13.3603	11.2188	10.6385	12.1997	14.3412	14.9215	
13.3646	11.2275	10.6429	12.1954	14.3325	14.9171	
13.3689	11.2361	10.6472	12.1911	14.3239	14.9128	
13.3731	11.2447	10.6516	12.1869	14.3153	14.9084	
13.3773	11.2533	10.656	12.1827	14.3067	14.904	
13.3815	11.2619	10.6604	12.1785	14.2981	14.8996	
13.3856	11.2705	10.6649	12.1744	14.2895	14.8951	
13.3897	11.279	10.6693	12.1703	14.281	14.8907	
13.3938	11.2875	10.6737	12.1662	14.2725	14.8863	
13.3979	11.296	10.6781	12.1621	14.264	14.8819	
13.4019	11.3045	10.6826	12.1581	14.2555	14.8774	
13.4058	11.3129	10.687	12.1542	14.2471	14.873	
13.4098	11.3213	10.6915	12.1502	14.2387	14.8685	
13.4137	11.3297	10.696	12.1463	14.2303	14.864	
13.4176	11.338	10.7005	12.1424	14.222	14.8595	
13.4215	11.3464	10.7049	12.1385	14.2136	14.8551	
13.4253	11.3547	10.7094	12.1347	14.2053	14.8506	
13.4291	11.363	10.7139	12.1309	14.197	14.8461	
13.4328	11.3713	10.7184	12.1272	14.1887	14.8416	
13.4366	11.3795	10.7229	12.1234	14.1805	14.8371	
13.4403	11.3877	10.7275	12.1197	14.1723	14.8325	
13.4439	11.3959	10.732	12.1161	14.1641	14.828	
13.4476	11.4041	10.7365	12.1124	14.1559	14.8235	
13.4512	11.4122	10.741	12.1088	14.1478	14.819	
13.4548	11.4203	10.7456	12.1052	14.1397	14.8144	
13.4583	11.4284	10.7501	12.1017	14.1316	14.8099	
13.4618	11.4365	10.7547	12.0982	14.1235	14.8053	
13.4653	11.4446	10.7592	12.0947	14.1154	14.8008	
13.4688	11.4526	10.7638	12.0912	14.1074	14.7962	
13.4722	11.4606	10.7684	12.0878	14.0994	14.7916	
13.4756	11.4686	10.773	12.0844	14.0914	14.787	
13.479	11.4765	10.7775	12.081	14.0835	14.7825	
13.4823	11.4844	10.7821	12.0777	14.0756	14.7779	
13.4856	11.4923	10.7867	12.0744	14.0677	14.7733	
13.4889	11.5002	10.7913	12.0711	14.0598	14.7687	
13.4921	11.5081	10.7959	12.0679	14.0519	14.7641	
13.4954	11.5159	10.8005	12.0646	14.0441	14.7595	
13.4986	11.5237	10.8051	12.0614	14.0363	14.7549	
13.5017	11.5315	10.8098	12.0583	14.0285	14.7502	
13.5049	11.5393	10.8144	12.0551	14.0207	14.7456	
13.508	11.547	10.819	12.052	14.013	14.741	
13.5111	11.5547	10.8236	12.0489	14.0053	14.7364	
13.5141	11.5624	10.8283	12.0459	13.9976	14.7317	
13.5171	11.5701	10.8329	12.0429	13.9899	14.7271	
13.5201	11.5777	10.8376	12.0399	13.9823	14.7224	
13.5231	11.5853	10.8422	12.0369	13.9747	14.7178	
13.526	11.5929	10.8469	12.034	13.9671	14.7131	
13.529	11.6005	10.8515	12.031	13.9595	14.7085	
13.5318	11.608	10.8562	12.0282	13.952	14.7038	
13.5347	11.6156	10.8609	12.0253	13.9444	14.6991	
13.5375	11.6231	10.8655	12.0225	13.9369	14.6945	
13.5403	11.6305	10.8702	12.0197	13.9295	14.6898	
13.5431	11.638	10.8749	12.0169	13.922	14.6851	
13.5459	11.6454	10.8795	12.0141	13.9146	14.6805	
13.5486	11.6528	10.8842	12.0114	13.9072	14.6758	
13.5513	11.6602	10.8889	12.0087	13.8998	14.6711	
13.5539	11.6675	10.8936	12.0061	13.8925	14.6664	
13.5566	11.6749	10.8983	12.0034	13.8851	14.6617	
13.5592	11.6822	10.903	12.0008	13.8778	14.657	
13.5618	11.6895	10.9077	11.9982	13.8705	14.6523	
13.5644	11.6967	10.9124	11.9956	13.8633	14.6476	
13.5669	11.704	10.9171	11.9931	13.856	14.6429	
13.5694	11.7112	10.9218	11.9906	13.8488	14.6382	
13.5719	11.7184	10.9265	11.9881	13.8416	14.6335	
13.5743	11.7255	10.9312	11.9857	13.8345	14.6288	
13.5768	11.7327	10.9359	11.9832	13.8273	14.6241	
13.5792	11.7398	10.9406	11.9808	13.8202	14.6194	
13.5816	11.7469	10.9453	11.9784	13.8131	14.6147	
13.5839	11.754	10.9501	11.9761	13.806	14.6099	
13.5863	11.761	10.9548	11.9737	13.799	14.6052	
13.5886	11.7681	10.9595	11.9714	13.7919	14.6005	
13.5908	11.7751	10.9642	11.9692	13.7849	14.5958	
13.5931	11.782	10.969	11.9669	13.778	14.591	
13.5953	11.789	10.9737	11.9647	13.771	14.5863	
13.5975	11.7959	10.9784	11.9625	13.7641	14.5816	
13.5997	11.8028	10.9831	11.9603	13.7572	14.5769	
13.6019	11.8097	10.9879	11.9581	13.7503	14.5721	
13.604	11.8166	10.9926	11.956	13.7434	14.5674	
13.6061	11.8234	10.9973	11.9539	13.7366	14.5627	
13.6082	11.8303	11.0021	11.9518	13.7297	14.5579	
13.6102	11.8371	11.0068	11.9498	13.7229	14.5532	
13.6123	11.8438	11.0115	11.9477	13.7162	14.5485	
13.6143	11.8506	11.0163	11.9457	13.7094	14.5437	
13.6163	11.8573	11.021	11.9437	13.7027	14.539	
13.6182	11.864	11.0258	11.9418	13.696	14.5342	
13.6202	11.8707	11.0305	11.9398	13.6893	14.5295	
13.6221	11.8773	11.0352	11.9379	13.6827	14.5248	
13.624	11.884	11.04	11.936	13.676	14.52	
13.6259	11.8906	11.0447	11.9341	13.6694	14.5153	
13.6277	11.8972	11.0495	11.9323	13.6628	14.5105	
13.6295	11.9037	11.0542	11.9305	13.6563	14.5058	
13.6313	11.9103	11.059	11.9287	13.6497	14.501	
13.6331	11.9168	11.0637	11.9269	13.6432	14.4963	
13.6348	11.9233	11.0684	11.9252	13.6367	14.4916	
13.6366	11.9298	11.0732	11.9234	13.6302	14.4868	
13.6383	11.9362	11.0779	11.9217	13.6238	14.4821	
13.64	11.9426	11.0827	11.92	13.6174	14.4773	
13.6416	11.9491	11.0874	11.9184	13.6109	14.4726	
13.6433	11.9554	11.0922	11.9167	13.6046	14.4678	
13.6449	11.9618	11.0969	11.9151	13.5982	14.4631	
13.6465	11.9681	11.1016	11.9135	13.5919	14.4584	
13.6481	11.9744	11.1064	11.9119	13.5856	14.4536	
13.6496	11.9807	11.1111	11.9104	13.5793	14.4489	
13.6511	11.987	11.1159	11.9089	13.573	14.4441	
13.6526	11.9933	11.1206	11.9074	13.5667	14.4394	
13.6541	11.9995	11.1253	11.9059	13.5605	14.4347	
13.6556	12.0057	11.1301	11.9044	13.5543	14.4299	
13.657	12.0119	11.1348	11.903	13.5481	14.4252	
13.6585	12.018	11.1396	11.9015	13.542	14.4204	
13.6599	12.0242	11.1443	11.9001	13.5358	14.4157	
13.6612	12.0303	11.149	11.8988	13.5297	14.411	
13.6626	12.0364	11.1538	11.8974	13.5236	14.4062	
13.6639	12.0424	11.1585	11.8961	13.5176	14.4015	
13.6652	12.0485	11.1632	11.8948	13.5115	14.3968	
13.6665	12.0545	11.168	11.8935	13.5055	14.392	
13.6678	12.0605	11.1727	11.8922	13.4995	14.3873	
13.6691	12.0665	11.1774	11.8909	13.4935	14.3826	
13.6703	12.0724	11.1821	11.8897	13.4876	14.3779	
13.6715	12.0784	11.1869	11.8885	13.4816	14.3731	
13.6727	12.0843	11.1916	11.8873	13.4757	14.3684	
13.6739	12.0902	11.1963	11.8861	13.4698	14.3637	
13.675	12.096	11.201	11.885	13.464	14.359	
13.6762	12.1019	11.2057	11.8838	13.4581	14.3543	
13.6773	12.1077	11.2104	11.8827	13.4523	14.3496	
13.6784	12.1135	11.2152	11.8816	13.4465	14.3448	
13.6794	12.1193	11.2199	11.8806	13.4407	14.3401	
13.6805	12.1251	11.2246	11.8795	13.4349	14.3354	
13.6815	12.1308	11.2293	11.8785	13.4292	14.3307	
13.6825	12.1365	11.234	11.8775	13.4235	14.326	
13.6835	12.1422	11.2387	11.8765	13.4178	14.3213	
13.6845	12.1479	11.2434	11.8755	13.4121	14.3166	
13.6854	12.1535	11.2481	11.8746	13.4065	14.3119	
13.6864	12.1592	11.2528	11.8736	13.4008	14.3072	
13.6873	12.1648	11.2575	11.8727	13.3952	14.3025	
13.6882	12.1703	11.2622	11.8718	13.3897	14.2978	
13.6891	12.1759	11.2668	11.8709	13.3841	14.2932	
13.6899	12.1815	11.2715	11.8701	13.3785	14.2885	
13.6908	12.187	11.2762	11.8692	13.373	14.2838	
13.6916	12.1925	11.2809	11.8684	13.3675	14.2791	
13.6924	12.198	11.2856	11.8676	13.362	14.2744	
13.6932	12.2034	11.2902	11.8668	13.3566	14.2698	
13.694	12.2088	11.2949	11.866	13.3512	14.2651	
13.6947	12.2143	11.2996	11.8653	13.3457	14.2604	
13.6954	12.2197	11.3042	11.8646	13.3403	14.2558	
13.6961	12.225	11.3089	11.8639	13.335	14.2511	
13.6968	12.2304	11.3135	11.8632	13.3296	14.2465	
13.6975	12.2357	11.3182	11.8625	13.3243	14.2418	
13.6982	12.241	11.3228	11.8618	13.319	14.2372	
13.6988	12.2463	11.3275	11.8612	13.3137	14.2325	
13.6994	12.2516	11.3321	11.8606	13.3084	14.2279	
13.7	12.2568	11.3368	11.86	13.3032	14.2232	
13.7006	12.262	11.3414	11.8594	13.298	14.2186	
13.7012	12.2672	11.346	11.8588	13.2928	14.214	
13.7018	12.2724	11.3507	11.8582	13.2876	14.2093	
13.7023	12.2776	11.3553	11.8577	13.2824	14.2047	
13.7028	12.2827	11.3599	11.8572	13.2773	14.2001	
13.7033	12.2878	11.3645	11.8567	13.2722	14.1955	
13.7038	12.2929	11.3691	11.8562	13.2671	14.1909	
13.7043	12.298	11.3738	11.8557	13.262	14.1862	
13.7047	12.3031	11.3784	11.8553	13.2569	14.1816	
13.7052	12.3081	11.383	11.8548	13.2519	14.177	
13.7056	12.3131	11.3876	11.8544	13.2469	14.1724	
13.706	12.3181	11.3922	11.854	13.2419	14.1678	
13.7064	12.3231	11.3967	11.8536	13.2369	14.1633	
13.7067	12.3281	11.4013	11.8533	13.2319	14.1587	
13.7071	12.333	11.4059	11.8529	13.227	14.1541	
13.7074	12.3379	11.4105	11.8526	13.2221	14.1495	
13.7077	12.3428	11.4151	11.8523	13.2172	14.1449	
13.708	12.3477	11.4196	11.852	13.2123	14.1404	
13.7083	12.3525	11.4242	11.8517	13.2075	14.1358	
13.7086	12.3574	11.4288	11.8514	13.2026	14.1312	
13.7089	12.3622	11.4333	11.8511	13.1978	14.1267	
13.7091	12.367	11.4379	11.8509	13.193	14.1221	
13.7093	12.3717	11.4424	11.8507	13.1883	14.1176	
13.7095	12.3765	11.4469	11.8505	13.1835	14.1131	
13.7097	12.3812	11.4515	11.8503	13.1788	14.1085	
13.7099	12.3859	11.456	11.8501	13.1741	14.104	
13.7101	12.3906	11.4605	11.8499	13.1694	14.0995	
13.7102	12.3953	11.4651	11.8498	13.1647	14.0949	
13.7104	12.3999	11.4696	11.8496	13.1601	14.0904	
13.7105	12.4046	11.4741	11.8495	13.1554	14.0859	
13.7106	12.4092	11.4786	11.8494	13.1508	14.0814	
13.7107	12.4138	11.4831	11.8493	13.1462	14.0769	
13.7107	12.4184	11.4876	11.8493	13.1416	14.0724	
13.7108	12.4229	11.4921	11.8492	13.1371	14.0679	
13.7109	12.4274	11.4966	11.8491	13.1326	14.0634	
13.7109	12.432	11.5011	11.8491	13.128	14.0589	
13.7109	12.4364	11.5055	11.8491	13.1236	14.0545	
13.7109	12.4409	11.51	11.8491	13.1191	14.05	
13.7109	12.4454	11.5145	11.8491	13.1146	14.0455	
13.7109	12.4498	11.5189	11.8491	13.1102	14.0411	
13.7108	12.4542	11.5234	11.8492	13.1058	14.0366	
13.7108	12.4586	11.5279	11.8492	13.1014	14.0321	
13.7107	12.463	11.5323	11.8493	13.097	14.0277	
13.7106	12.4674	11.5367	11.8494	13.0926	14.0233	
13.7105	12.4717	11.5412	11.8495	13.0883	14.0188	
13.7104	12.476	11.5456	11.8496	13.084	14.0144	
13.7103	12.4803	11.55	11.8497	13.0797	14.01	
13.7101	12.4846	11.5544	11.8499	13.0754	14.0056	
13.71	12.4889	11.5589	11.85	13.0711	14.0011	
13.7098	12.4931	11.5633	11.8502	13.0669	13.9967	
13.7097	12.4973	11.5677	11.8503	13.0627	13.9923	
13.7095	12.5015	11.5721	11.8505	13.0585	13.9879	
13.7093	12.5057	11.5764	11.8507	13.0543	13.9836	
13.709	12.5099	11.5808	11.851	13.0501	13.9792	
13.7088	12.514	11.5852	11.8512	13.046	13.9748	
13.7086	12.5181	11.5896	11.8514	13.0419	13.9704	
13.7083	12.5223	11.5939	11.8517	13.0377	13.9661	
13.708	12.5263	11.5983	11.852	13.0337	13.9617	
13.7078	12.5304	11.6027	11.8522	13.0296	13.9573	
13.7075	12.5345	11.607	11.8525	13.0255	13.953	
13.7072	12.5385	11.6113	11.8528	13.0215	13.9487	
13.7068	12.5425	11.6157	11.8532	13.0175	13.9443	
13.7065	12.5465	11.62	11.8535	13.0135	13.94	
13.7062	12.5505	11.6243	11.8538	13.0095	13.9357	
13.7058	12.5545	11.6287	11.8542	13.0055	13.9313	
13.7054	12.5584	11.633	11.8546	13.0016	13.927	
13.7051	12.5623	11.6373	11.8549	12.9977	13.9227	
13.7047	12.5662	11.6416	11.8553	12.9938	13.9184	
13.7043	12.5701	11.6459	11.8557	12.9899	13.9141	
13.7038	12.574	11.6501	11.8562	12.986	13.9099	
13.7034	12.5778	11.6544	11.8566	12.9822	13.9056	
13.703	12.5817	11.6587	11.857	12.9783	13.9013	
13.7025	12.5855	11.663	11.8575	12.9745	13.897	
13.7021	12.5893	11.6672	11.8579	12.9707	13.8928	
13.7016	12.5931	11.6715	11.8584	12.9669	13.8885	
13.7011	12.5968	11.6757	11.8589	12.9632	13.8843	
13.7006	12.6006	11.68	11.8594	12.9594	13.88	
13.7001	12.6043	11.6842	11.8599	12.9557	13.8758	
13.6996	12.608	11.6884	11.8604	12.952	13.8716	
13.699	12.6117	11.6926	11.861	12.9483	13.8674	
13.6985	12.6153	11.6969	11.8615	12.9447	13.8631	
13.6979	12.619	11.7011	11.8621	12.941	13.8589	
13.6974	12.6226	11.7053	11.8626	12.9374	13.8547	
13.6968	12.6263	11.7095	11.8632	12.9337	13.8505	
13.6962	12.6299	11.7137	11.8638	12.9301	13.8463	
13.6956	12.6334	11.7178	11.8644	12.9266	13.8422	
13.695	12.637	11.722	11.865	12.923	13.838	
13.6944	12.6405	11.7262	11.8656	12.9195	13.8338	
13.6937	12.6441	11.7303	11.8663	12.9159	13.8297	
13.6931	12.6476	11.7345	11.8669	12.9124	13.8255	
13.6924	12.6511	11.7386	11.8676	12.9089	13.8214	
13.6918	12.6546	11.7428	11.8682	12.9054	13.8172	
13.6911	12.658	11.7469	11.8689	12.902	13.8131	
13.6904	12.6615	11.751	11.8696	12.8985	13.809	
13.6897	12.6649	11.7551	11.8703	12.8951	13.8049	
13.689	12.6683	11.7593	11.871	12.8917	13.8007	
13.6883	12.6717	11.7634	11.8717	12.8883	13.7966	
13.6876	12.6751	11.7675	11.8724	12.8849	13.7925	
13.6869	12.6784	11.7715	11.8731	12.8816	13.7885	
13.6861	12.6818	11.7756	11.8739	12.8782	13.7844	
13.6854	12.6851	11.7797	11.8746	12.8749	13.7803	
13.6846	12.6884	11.7838	11.8754	12.8716	13.7762	
13.6838	12.6917	11.7878	11.8762	12.8683	13.7722	
13.6831	12.6949	11.7919	11.8769	12.8651	13.7681	
13.6823	12.6982	11.7959	11.8777	12.8618	13.7641	
13.6815	12.7014	11.8	11.8785	12.8586	13.76	
13.6807	12.7047	11.804	11.8793	12.8553	13.756	
13.6798	12.7079	11.808	11.8802	12.8521	13.752	
13.679	12.7111	11.812	11.881	12.8489	13.748	
13.6782	12.7142	11.8161	11.8818	12.8458	13.7439	
13.6773	12.7174	11.8201	11.8827	12.8426	13.7399	
13.6765	12.7205	11.8241	11.8835	12.8395	13.7359	
13.6756	12.7236	11.828	11.8844	12.8364	13.732	
13.6747	12.7268	11.832	11.8853	12.8332	13.728	
13.6738	12.7298	11.836	11.8862	12.8302	13.724	
13.673	12.7329	11.84	11.887	12.8271	13.72	
13.6721	12.736	11.8439	11.8879	12.824	13.7161	
13.6711	12.739	11.8479	11.8889	12.821	13.7121	
13.6702	12.742	11.8518	11.8898	12.818	13.7082	
13.6693	12.745	11.8557	11.8907	12.815	13.7043	
13.6684	12.748	11.8597	11.8916	12.812	13.7003	
13.6674	12.751	11.8636	11.8926	12.809	13.6964	
13.6665	12.754	11.8675	11.8935	12.806	13.6925	
13.6655	12.7569	11.8714	11.8945	12.8031	13.6886	
13.6645	12.7599	11.8753	11.8955	12.8001	13.6847	
13.6636	12.7628	11.8792	11.8964	12.7972	13.6808	
13.6626	12.7657	11.8831	11.8974	12.7943	13.6769	
13.6616	12.7685	11.8869	11.8984	12.7915	13.6731	
13.6606	12.7714	11.8908	11.8994	12.7886	13.6692	
13.6596	12.7743	11.8947	11.9004	12.7857	13.6653	
13.6586	12.7771	11.8985	11.9014	12.7829	13.6615	
13.6575	12.7799	11.9024	11.9025	12.7801	13.6576	
13.6565	12.7827	11.9062	11.9035	12.7773	13.6538	
13.6555	12.7855	11.91	11.9045	12.7745	13.65	
13.6544	12.7883	11.9138	11.9056	12.7717	13.6462	
13.6534	12.791	11.9177	11.9066	12.769	13.6423	
13.6523	12.7938	11.9215	11.9077	12.7662	13.6385	
13.6512	12.7965	11.9253	11.9088	12.7635	13.6347	
13.6502	12.7992	11.929	11.9098	12.7608	13.631	
13.6491	12.8019	11.9328	11.9109	12.7581	13.6272	
13.648	12.8046	11.9366	11.912	12.7554	13.6234	
13.6469	12.8072	11.9404	11.9131	12.7528	13.6196	
13.6458	12.8099	11.9441	11.9142	12.7501	13.6159	
13.6447	12.8125	11.9479	11.9153	12.7475	13.6121	
13.6435	12.8151	11.9516	11.9165	12.7449	13.6084	
13.6424	12.8177	11.9553	11.9176	12.7423	13.6047	
13.6413	12.8203	11.9591	11.9187	12.7397	13.6009	
13.6401	12.8229	11.9628	11.9199	12.7371	13.5972	
13.639	12.8255	11.9665	11.921	12.7345	13.5935	
13.6378	12.828	11.9702	11.9222	12.732	13.5898	
13.6367	12.8305	11.9739	11.9233	12.7295	13.5861	
13.6355	12.8331	11.9776	11.9245	12.7269	13.5824	
13.6343	12.8356	11.9812	11.9257	12.7244	13.5788	
13.6331	12.838	11.9849	11.9269	12.722	13.5751	
13.632	12.8405	11.9886	11.928	12.7195	13.5714	
13.6308	12.843	11.9922	11.9292	12.717	13.5678	
13.6296	12.8454	11.9959	11.9304	12.7146	13.5641	
13.6283	12.8478	11.9995	11.9317	12.7122	13.5605	
13.6271	12.8503	12.0031	11.9329	12.7097	13.5569	
13.6259	12.8526	12.0067	11.9341	12.7074	13.5533	
13.6247	12.855	12.0104	11.9353	12.705	13.5496	
13.6234	12.8574	12.014	11.9366	12.7026	13.546	
13.6222	12.8598	12.0176	11.9378	12.7002	13.5424	
13.621	12.8621	12.0211	11.939	12.6979	13.5389	
13.6197	12.8644	12.0247	11.9403	12.6956	13.5353	
13.6185	12.8667	12.0283	11.9415	12.6933	13.5317	
13.6172	12.869	12.0318	11.9428	12.691	13.5282	
13.6159	12.8713	12.0354	11.9441	12.6887	13.5246	
13.6146	12.8736	12.0389	11.9454	12.6864	13.5211	
13.6134	12.8758	12.0425	11.9466	12.6842	13.5175	
13.6121	12.8781	12.046	11.9479	12.6819	13.514	
13.6108	12.8803	12.0495	11.9492	12.6797	13.5105	
13.6095	12.8825	12.053	11.9505	12.6775	13.507	
13.6082	12.8847	12.0565	11.9518	12.6753	13.5035	
13.6069	12.8869	12.06	11.9531	12.6731	13.5	
13.6056	12.8891	12.0635	11.9544	12.6709	13.4965	
13.6042	12.8913	12.067	11.9558	12.6687	13.493	
13.6029	12.8934	12.0705	11.9571	12.6666	13.4895	
13.6016	12.8955	12.0739	11.9584	12.6645	13.4861	
13.6003	12.8977	12.0774	11.9597	12.6623	13.4826	
13.5989	12.8998	12.0808	11.9611	12.6602	13.4792	
13.5976	12.9018	12.0843	11.9624	12.6582	13.4757	
13.5962	12.9039	12.0877	11.9638	12.6561	13.4723	
13.5949	12.906	12.0911	11.9651	12.654	13.4689	
13.5935	12.908	12.0945	11.9665	12.652	13.4655	
13.5921	12.9101	12.098	11.9679	12.6499	13.462	
13.5908	12.9121	12.1013	11.9692	12.6479	13.4587	
13.5894	12.9141	12.1047	11.9706	12.6459	13.4553	
13.588	12.9161	12.1081	11.972	12.6439	13.4519	
13.5866	12.9181	12.1115	11.9734	12.6419	13.4485	
13.5852	12.9201	12.1148	11.9748	12.6399	13.4452	
13.5838	12.922	12.1182	11.9762	12.638	13.4418	
13.5824	12.924	12.1215	11.9776	12.636	13.4385	
13.581	12.9259	12.1249	11.979	12.6341	13.4351	
13.5796	12.9278	12.1282	11.9804	12.6322	13.4318	
13.5782	12.9297	12.1315	11.9818	12.6303	13.4285	
13.5768	12.9316	12.1348	11.9832	12.6284	13.4252	
13.5754	12.9335	12.1381	11.9846	12.6265	13.4219	
13.5739	12.9354	12.1414	11.9861	12.6246	13.4186	
13.5725	12.9372	12.1447	11.9875	12.6228	13.4153	
13.5711	12.9391	12.148	11.9889	12.6209	13.412	
13.5696	12.9409	12.1513	11.9904	12.6191	13.4087	
13.5682	12.9427	12.1545	11.9918	12.6173	13.4055	
13.5668	12.9445	12.1578	11.9932	12.6155	13.4022	
13.5653	12.9463	12.161	11.9947	12.6137	13.399	
13.5638	12.9481	12.1643	11.9962	12.6119	13.3957	
13.5624	12.9499	12.1675	11.9976	12.6101	13.3925	
13.5609	12.9516	12.1707	11.9991	12.6084	13.3893	
13.5595	12.9534	12.1739	12.0005	12.6066	13.3861	
13.558	12.9551	12.1771	12.002	12.6049	13.3829	
13.5565	12.9568	12.1803	12.0035	12.6032	13.3797	
13.555	12.9585	12.1835	12.005	12.6015	13.3765	
13.5536	12.9602	12.1867	12.0064	12.5998	13.3733	
13.5521	12.9619	12.1899	12.0079	12.5981	13.3701	
13.5506	12.9636	12.193	12.0094	12.5964	13.367	
13.5491	12.9652	12.1962	12.0109	12.5948	13.3638	
13.5476	12.9669	12.1993	12.0124	12.5931	13.3607	
13.5461	12.9685	12.2024	12.0139	12.5915	13.3576	
13.5446	12.9702	12.2056	12.0154	12.5898	13.3544	
13.5431	12.9718	12.2087	12.0169	12.5882	13.3513	
13.5416	12.9734	12.2118	12.0184	12.5866	13.3482	
13.5401	12.9749	12.2149	12.0199	12.5851	13.3451	
13.5385	12.9765	12.218	12.0215	12.5835	13.342	
13.537	12.9781	12.2211	12.023	12.5819	13.3389	
13.5355	12.9796	12.2241	12.0245	12.5804	13.3359	
13.534	12.9812	12.2272	12.026	12.5788	13.3328	
13.5324	12.9827	12.2303	12.0276	12.5773	13.3297	
13.5309	12.9842	12.2333	12.0291	12.5758	13.3267	
13.5294	12.9857	12.2364	12.0306	12.5743	13.3236	
13.5278	12.9872	12.2394	12.0322	12.5728	13.3206	
13.5263	12.9887	12.2424	12.0337	12.5713	13.3176	
13.5247	12.9902	12.2454	12.0353	12.5698	13.3146	
13.5232	12.9916	12.2484	12.0368	12.5684	13.3116	
13.5216	12.9931	12.2514	12.0384	12.5669	13.3086	
13.5201	12.9945	12.2544	12.0399	12.5655	13.3056	
13.5185	12.9959	12.2574	12.0415	12.5641	13.3026	
13.517	12.9974	12.2604	12.043	12.5626	13.2996	
13.5154	12.9988	12.2633	12.0446	12.5612	13.2967	
13.5139	13.0002	12.2663	12.0461	12.5598	13.2937	
13.5123	13.0015	12.2693	12.0477	12.5585	13.2907	
13.5107	13.0029	12.2722	12.0493	12.5571	13.2878	
13.5091	13.0043	12.2751	12.0509	12.5557	13.2849	
13.5076	13.0056	12.278	12.0524	12.5544	13.282	
13.506	13.007	12.281	12.054	12.553	13.279	
13.5044	13.0083	12.2839	12.0556	12.5517	13.2761	
13.5028	13.0096	12.2868	12.0572	12.5504	13.2732	
13.5013	13.0109	12.2897	12.0587	12.5491	13.2703	
13.4997	13.0122	12.2925	12.0603	12.5478	13.2675	
13.4981	13.0135	12.2954	12.0619	12.5465	13.2646	
13.4965	13.0148	12.2983	12.0635	12.5452	13.2617	
13.4949	13.016	12.3011	12.0651	12.544	13.2589	
13.4933	13.0173	12.304	12.0667	12.5427	13.256	
13.4917	13.0185	12.3068	12.0683	12.5415	13.2532	
13.4901	13.0197	12.3096	12.0699	12.5403	13.2504	
13.4885	13.021	12.3125	12.0715	12.539	13.2475	
13.4869	13.0222	12.3153	12.0731	12.5378	13.2447	
13.4853	13.0234	12.3181	12.0747	12.5366	13.2419	
13.4837	13.0246	12.3209	12.0763	12.5354	13.2391	
13.4821	13.0257	12.3237	12.0779	12.5343	13.2363	
13.4805	13.0269	12.3264	12.0795	12.5331	13.2336	
13.4789	13.0281	12.3292	12.0811	12.5319	13.2308	
13.4772	13.0292	12.332	12.0828	12.5308	13.228	
13.4756	13.0303	12.3347	12.0844	12.5297	13.2253	
13.474	13.0315	12.3375	12.086	12.5285	13.2225	
13.4724	13.0326	12.3402	12.0876	12.5274	13.2198	
13.4708	13.0337	12.3429	12.0892	12.5263	13.2171	
13.4691	13.0348	12.3457	12.0909	12.5252	13.2143	
13.4675	13.0359	12.3484	12.0925	12.5241	13.2116	
13.4659	13.037	12.3511	12.0941	12.523	13.2089	
13.4643	13.038	12.3538	12.0957	12.522	13.2062	
13.4626	13.0391	12.3564	12.0974	12.5209	13.2036	
13.461	13.0401	12.3591	12.099	12.5199	13.2009	
13.4594	13.0412	12.3618	12.1006	12.5188	13.1982	
13.4577	13.0422	12.3645	12.1023	12.5178	13.1955	
13.4561	13.0432	12.3671	12.1039	12.5168	13.1929	
13.4545	13.0442	12.3698	12.1055	12.5158	13.1902	
13.4528	13.0452	12.3724	12.1072	12.5148	13.1876	
13.4512	13.0462	12.375	12.1088	12.5138	13.185	
13.4496	13.0472	12.3776	12.1104	12.5128	13.1824	
13.4479	13.0482	12.3803	12.1121	12.5118	13.1797	
13.4463	13.0491	12.3829	12.1137	12.5109	13.1771	
13.4446	13.0501	12.3854	12.1154	12.5099	13.1746	
13.443	13.051	12.388	12.117	12.509	13.172	
13.4413	13.052	12.3906	12.1187	12.508	13.1694	
13.4397	13.0529	12.3932	12.1203	12.5071	13.1668	
13.438	13.0538	12.3957	12.122	12.5062	13.1643	
13.4364	13.0547	12.3983	12.1236	12.5053	13.1617	
13.4347	13.0556	12.4008	12.1253	12.5044	13.1592	
13.4331	13.0565	12.4034	12.1269	12.5035	13.1566	
13.4314	13.0574	12.4059	12.1286	12.5026	13.1541	
13.4298	13.0582	12.4084	12.1302	12.5018	13.1516	
13.4281	13.0591	12.4109	12.1319	12.5009	13.1491	
13.4265	13.0599	12.4134	12.1335	12.5001	13.1466	
13.4248	13.0608	12.4159	12.1352	12.4992	13.1441	
13.4232	13.0616	12.4184	12.1368	12.4984	13.1416	
13.4215	13.0624	12.4209	12.1385	12.4976	13.1391	
13.4199	13.0632	12.4234	12.1401	12.4968	13.1366	
13.4182	13.064	12.4258	12.1418	12.496	13.1342	
13.4165	13.0648	12.4283	12.1435	12.4952	13.1317	
13.4149	13.0656	12.4307	12.1451	12.4944	13.1293	
13.4132	13.0664	12.4332	12.1468	12.4936	13.1268	
13.4116	13.0672	12.4356	12.1484	12.4928	13.1244	
13.4099	13.0679	12.438	12.1501	12.4921	13.122	
13.4083	13.0687	12.4404	12.1517	12.4913	13.1196	
13.4066	13.0694	12.4429	12.1534	12.4906	13.1171	
13.4049	13.0702	12.4453	12.1551	12.4898	13.1147	
13.4033	13.0709	12.4476	12.1567	12.4891	13.1124	
13.4016	13.0716	12.45	12.1584	12.4884	13.11	
13.3999	13.0723	12.4524	12.1601	12.4877	13.1076	
13.3983	13.073	12.4548	12.1617	12.487	13.1052	
13.3966	13.0737	12.4571	12.1634	12.4863	13.1029	
13.395	13.0744	12.4595	12.165	12.4856	13.1005	
13.3933	13.0751	12.4618	12.1667	12.4849	13.0982	
13.3916	13.0758	12.4641	12.1684	12.4842	13.0959	
13.39	13.0764	12.4665	12.17	12.4836	13.0935	
13.3883	13.0771	12.4688	12.1717	12.4829	13.0912	
13.3866	13.0777	12.4711	12.1734	12.4823	13.0889	
13.385	13.0784	12.4734	12.175	12.4816	13.0866	
13.3833	13.079	12.4757	12.1767	12.481	13.0843	
13.3816	13.0796	12.478	12.1784	12.4804	13.082	
13.38	13.0802	12.4802	12.18	12.4798	13.0798	
13.3783	13.0808	12.4825	12.1817	12.4792	13.0775	
13.3766	13.0814	12.4848	12.1834	12.4786	13.0752	
13.375	13.082	12.487	12.185	12.478	13.073	
13.3733	13.0826	12.4893	12.1867	12.4774	13.0707	
13.3717	13.0832	12.4915	12.1883	12.4768	13.0685	
13.37	13.0837	12.4937	12.19	12.4763	13.0663	
13.3683	13.0843	12.496	12.1917	12.4757	13.064	
13.3667	13.0848	12.4982	12.1933	12.4752	13.0618	
13.365	13.0854	12.5004	12.195	12.4746	13.0596	
13.3633	13.0859	12.5026	12.1967	12.4741	13.0574	
13.3617	13.0864	12.5048	12.1983	12.4736	13.0552	
13.36	13.0869	12.5069	12.2	12.4731	13.0531	
13.3583	13.0875	12.5091	12.2017	12.4725	13.0509	
13.3567	13.088	12.5113	12.2033	12.472	13.0487	
13.355	13.0885	12.5134	12.205	12.4715	13.0466	
13.3534	13.0889	12.5156	12.2066	12.4711	13.0444	
13.3517	13.0894	12.5177	12.2083	12.4706	13.0423	
13.35	13.0899	12.5199	12.21	12.4701	13.0401	
13.3484	13.0904	12.522	12.2116	12.4696	13.038	
13.3467	13.0908	12.5241	12.2133	12.4692	13.0359	
13.3451	13.0913	12.5262	12.2149	12.4687	13.0338	
13.3434	13.0917	12.5283	12.2166	12.4683	13.0317	
13.3417	13.0922	12.5304	12.2183	12.4678	13.0296	
13.3401	13.0926	12.5325	12.2199	12.4674	13.0275	
13.3384	13.093	12.5346	12.2216	12.467	13.0254	
13.3368	13.0934	12.5367	12.2232	12.4666	13.0233	
13.3351	13.0938	12.5387	12.2249	12.4662	13.0213	
13.3335	13.0942	12.5408	12.2265	12.4658	13.0192	
13.3318	13.0946	12.5428	12.2282	12.4654	13.0172	
13.3301	13.095	12.5449	12.2299	12.465	13.0151	
13.3285	13.0954	12.5469	12.2315	12.4646	13.0131	
13.3268	13.0958	12.5489	12.2332	12.4642	13.0111	
13.3252	13.0961	12.5509	12.2348	12.4639	13.0091	
13.3235	13.0965	12.553	12.2365	12.4635	13.007	
13.3219	13.0968	12.555	12.2381	12.4632	13.005	
13.3202	13.0972	12.557	12.2398	12.4628	13.003	
13.3186	13.0975	12.5589	12.2414	12.4625	13.0011	
13.3169	13.0979	12.5609	12.2431	12.4621	12.9991	
13.3153	13.0982	12.5629	12.2447	12.4618	12.9971	
13.3137	13.0985	12.5649	12.2463	12.4615	12.9951	
13.312	13.0988	12.5668	12.248	12.4612	12.9932	
13.3104	13.0991	12.5688	12.2496	12.4609	12.9912	
13.3087	13.0994	12.5707	12.2513	12.4606	12.9893	
13.3071	13.0997	12.5726	12.2529	12.4603	12.9874	
13.3054	13.1	12.5746	12.2546	12.46	12.9854	
13.3038	13.1003	12.5765	12.2562	12.4597	12.9835	
13.3022	13.1006	12.5784	12.2578	12.4594	12.9816	
13.3005	13.1008	12.5803	12.2595	12.4592	12.9797	
13.2989	13.1011	12.5822	12.2611	12.4589	12.9778	
13.2972	13.1013	12.5841	12.2628	12.4587	12.9759	
13.2956	13.1016	12.586	12.2644	12.4584	12.974	
13.294	13.1018	12.5879	12.266	12.4582	12.9721	
13.2923	13.1021	12.5897	12.2677	12.4579	12.9703	
13.2907	13.1023	12.5916	12.2693	12.4577	12.9684	
13.2891	13.1025	12.5934	12.2709	12.4575	12.9666	
13.2875	13.1027	12.5953	12.2725	12.4573	12.9647	
13.2858	13.1029	12.5971	12.2742	12.4571	12.9629	
13.2842	13.1031	12.5989	12.2758	12.4569	12.9611	
13.2826	13.1033	12.6008	12.2774	12.4567	12.9592	
13.281	13.1035	12.6026	12.279	12.4565	12.9574	
13.2793	13.1037	12.6044	12.2807	12.4563	12.9556	
13.2777	13.1039	12.6062	12.2823	12.4561	12.9538	
13.2761	13.1041	12.608	12.2839	12.4559	12.952	
13.2745	13.1042	12.6098	12.2855	12.4558	12.9502	
13.2729	13.1044	12.6116	12.2871	12.4556	12.9484	
13.2712	13.1046	12.6133	12.2888	12.4554	12.9467	
13.2696	13.1047	12.6151	12.2904	12.4553	12.9449	
13.268	13.1049	12.6168	12.292	12.4551	12.9432	
13.2664	13.105	12.6186	12.2936	12.455	12.9414	
13.2648	13.1051	12.6203	12.2952	12.4549	12.9397	
13.2632	13.1053	12.6221	12.2968	12.4547	12.9379	
13.2616	13.1054	12.6238	12.2984	12.4546	12.9362	
13.26	13.1055	12.6255	12.3	12.4545	12.9345	
13.2584	13.1056	12.6272	12.3016	12.4544	12.9328	
13.2568	13.1057	12.6289	12.3032	12.4543	12.9311	
13.2552	13.1058	12.6306	12.3048	12.4542	12.9294	
13.2536	13.1059	12.6323	12.3064	12.4541	12.9277	
13.252	13.106	12.634	12.308	12.454	12.926	
13.2504	13.1061	12.6357	12.3096	12.4539	12.9243	
13.2488	13.1061	12.6374	12.3112	12.4539	12.9226	
13.2472	13.1062	12.639	12.3128	12.4538	12.921	
13.2456	13.1063	12.6407	12.3144	12.4537	12.9193	
13.244	13.1063	12.6424	12.316	12.4537	12.9176	
13.2424	13.1064	12.644	12.3176	12.4536	12.916	
13.2408	13.1065	12.6456	12.3192	12.4535	12.9144	
13.2392	13.1065	12.6473	12.3208	12.4535	12.9127	
13.2377	13.1065	12.6489	12.3223	12.4535	12.9111	
13.2361	13.1066	12.6505	12.3239	12.4534	12.9095	
13.2345	13.1066	12.6521	12.3255	12.4534	12.9079	
13.2329	13.1066	12.6537	12.3271	12.4534	12.9063	
13.2313	13.1066	12.6553	12.3287	12.4534	12.9047	
13.2298	13.1067	12.6569	12.3302	12.4533	12.9031	
13.2282	13.1067	12.6585	12.3318	12.4533	12.9015	
13.2266	13.1067	12.66	12.3334	12.4533	12.9	
13.2251	13.1067	12.6616	12.3349	12.4533	12.8984	
13.2235	13.1067	12.6632	12.3365	12.4533	12.8968	
13.2219	13.1067	12.6647	12.3381	12.4533	12.8953	
13.2204	13.1066	12.6663	12.3396	12.4534	12.8937	
13.2188	13.1066	12.6678	12.3412	12.4534	12.8922	
13.2172	13.1066	12.6694	12.3428	12.4534	12.8906	
13.2157	13.1066	12.6709	12.3443	12.4534	12.8891	
13.2141	13.1065	12.6724	12.3459	12.4535	12.8876	
13.2126	13.1065	12.6739	12.3474	12.4535	12.8861	
13.211	13.1064	12.6754	12.349	12.4536	12.8846	
13.2095	13.1064	12.6769	12.3505	12.4536	12.8831	
13.2079	13.1063	12.6784	12.3521	12.4537	12.8816	
13.2064	13.1063	12.6799	12.3536	12.4537	12.8801	
13.2048	13.1062	12.6814	12.3552	12.4538	12.8786	
13.2033	13.1061	12.6828	12.3567	12.4539	12.8772	
13.2018	13.1061	12.6843	12.3582	12.4539	12.8757	
13.2002	13.106	12.6858	12.3598	12.454	12.8742	
13.1987	13.1059	12.6872	12.3613	12.4541	12.8728	
13.1971	13.1058	12.6887	12.3629	12.4542	12.8713	
13.1956	13.1057	12.6901	12.3644	12.4543	12.8699	
13.1941	13.1056	12.6915	12.3659	12.4544	12.8685	
13.1926	13.1055	12.693	12.3674	12.4545	12.867	
13.191	13.1054	12.6944	12.369	12.4546	12.8656	
13.1895	13.1053	12.6958	12.3705	12.4547	12.8642	
13.188	13.1052	12.6972	12.372	12.4548	12.8628	
13.1865	13.1051	12.6986	12.3735	12.4549	12.8614	
13.185	13.105	12.7	12.375	12.455	12.86	
13.1834	13.1048	12.7014	12.3766	12.4552	12.8586	
13.1819	13.1047	12.7028	12.3781	12.4553	12.8572	
13.1804	13.1046	12.7041	12.3796	12.4554	12.8559	
13.1789	13.1044	12.7055	12.3811	12.4556	12.8545	
13.1774	13.1043	12.7069	12.3826	12.4557	12.8531	
13.1759	13.1041	12.7082	12.3841	12.4559	12.8518	
13.1744	13.104	12.7096	12.3856	12.456	12.8504	
13.1729	13.1038	12.7109	12.3871	12.4562	12.8491	
13.1714	13.1037	12.7123	12.3886	12.4563	12.8477	
13.1699	13.1035	12.7136	12.3901	12.4565	12.8464	
13.1684	13.1033	12.7149	12.3916	12.4567	12.8451	
13.1669	13.1032	12.7162	12.3931	12.4568	12.8438	
13.1654	13.103	12.7175	12.3946	12.457	12.8425	
13.164	13.1028	12.7188	12.396	12.4572	12.8412	
13.1625	13.1026	12.7201	12.3975	12.4574	12.8399	
13.161	13.1024	12.7214	12.399	12.4576	12.8386	
13.1595	13.1022	12.7227	12.4005	12.4578	12.8373	
13.158	13.102	12.724	12.402	12.458	12.836	
13.1566	13.1018	12.7253	12.4034	12.4582	12.8347	
13.1551	13.1016	12.7265	12.4049	12.4584	12.8335	
13.1536	13.1014	12.7278	12.4064	12.4586	12.8322	
13.1522	13.1012	12.7291	12.4078	12.4588	12.8309	
13.1507	13.101	12.7303	12.4093	12.459	12.8297	
13.1492	13.1008	12.7315	12.4108	12.4592	12.8285	
13.1478	13.1006	12.7328	12.4122	12.4594	12.8272	
13.1463	13.1003	12.734	12.4137	12.4597	12.826	
13.1449	13.1001	12.7352	12.4151	12.4599	12.8248	
13.1434	13.0999	12.7365	12.4166	12.4601	12.8235	
13.142	13.0996	12.7377	12.418	12.4604	12.8223	
13.1405	13.0994	12.7389	12.4195	12.4606	12.8211	
13.1391	13.0992	12.7401	12.4209	12.4608	12.8199	
13.1376	13.0989	12.7413	12.4224	12.4611	12.8187	
13.1362	13.0987	12.7424	12.4238	12.4613	12.8176	
13.1348	13.0984	12.7436	12.4252	12.4616	12.8164	
13.1333	13.0981	12.7448	12.4267	12.4619	12.8152	
13.1319	13.0979	12.746	12.4281	12.4621	12.814	
13.1305	13.0976	12.7471	12.4295	12.4624	12.8129	
13.129	13.0973	12.7483	12.431	12.4627	12.8117	
13.1276	13.0971	12.7494	12.4324	12.4629	12.8106	
13.1262	13.0968	12.7506	12.4338	12.4632	12.8094	
13.1248	13.0965	12.7517	12.4352	12.4635	12.8083	
13.1234	13.0962	12.7529	12.4366	12.4638	12.8071	
13.1219	13.0959	12.754	12.4381	12.4641	12.806	
13.1205	13.0957	12.7551	12.4395	12.4643	12.8049	
13.1191	13.0954	12.7562	12.4409	12.4646	12.8038	
13.1177	13.0951	12.7573	12.4423	12.4649	12.8027	
13.1163	13.0948	12.7585	12.4437	12.4652	12.8015	
13.1149	13.0945	12.7596	12.4451	12.4655	12.8004	
13.1135	13.0942	12.7606	12.4465	12.4658	12.7994	
13.1121	13.0939	12.7617	12.4479	12.4661	12.7983	
13.1107	13.0935	12.7628	12.4493	12.4665	12.7972	
13.1093	13.0932	12.7639	12.4507	12.4668	12.7961	
13.108	13.0929	12.765	12.452	12.4671	12.795	
13.1066	13.0926	12.766	12.4534	12.4674	12.794	
13.1052	13.0923	12.7671	12.4548	12.4677	12.7929	
13.1038	13.0919	12.7681	12.4562	12.4681	12.7919	
13.1024	13.0916	12.7692	12.4576	12.4684	12.7908	
13.1011	13.0913	12.7702	12.4589	12.4687	12.7898	
13.0997	13.091	12.7713	12.4603	12.469	12.7887	
13.0983	13.0906	12.7723	12.4617	12.4694	12.7877	
13.0969	13.0903	12.7733	12.4631	12.4697	12.7867	
13.0956	13.0899	12.7743	12.4644	12.4701	12.7857	
13.0942	13.0896	12.7754	12.4658	12.4704	12.7846	
13.0929	13.0892	12.7764	12.4671	12.4708	12.7836	
13.0915	13.0889	12.7774	12.4685	12.4711	12.7826	
13.0902	13.0885	12.7784	12.4698	12.4715	12.7816	
13.0888	13.0882	12.7794	12.4712	12.4718	12.7806	
13.0875	13.0878	12.7803	12.4725	12.4722	12.7797	
13.0861	13.0874	12.7813	12.4739	12.4726	12.7787	
13.0848	13.0871	12.7823	12.4752	12.4729	12.7777	
13.0834	13.0867	12.7833	12.4766	12.4733	12.7767	
13.0821	13.0863	12.7842	12.4779	12.4737	12.7758	
13.0808	13.086	12.7852	12.4792	12.474	12.7748	
13.0794	13.0856	12.7862	12.4806	12.4744	12.7738	
13.0781	13.0852	12.7871	12.4819	12.4748	12.7729	
13.0768	13.0848	12.788	12.4832	12.4752	12.772	
13.0755	13.0844	12.789	12.4845	12.4756	12.771	
13.0741	13.0841	12.7899	12.4859	12.4759	12.7701	
13.0728	13.0837	12.7908	12.4872	12.4763	12.7692	
13.0715	13.0833	12.7918	12.4885	12.4767	12.7682	
13.0702	13.0829	12.7927	12.4898	12.4771	12.7673	
13.0689	13.0825	12.7936	12.4911	12.4775	12.7664	
13.0676	13.0821	12.7945	12.4924	12.4779	12.7655	
13.0663	13.0817	12.7954	12.4937	12.4783	12.7646	
13.065	13.0813	12.7963	12.495	12.4787	12.7637	
13.0637	13.0809	12.7972	12.4963	12.4791	12.7628	
13.0624	13.0805	12.7981	12.4976	12.4795	12.7619	
13.0611	13.0801	12.799	12.4989	12.4799	12.761	
13.0598	13.0796	12.7998	12.5002	12.4804	12.7602	
13.0585	13.0792	12.8007	12.5015	12.4808	12.7593	
13.0572	13.0788	12.8016	12.5028	12.4812	12.7584	
13.056	13.0784	12.8024	12.504	12.4816	12.7576	
13.0547	13.078	12.8033	12.5053	12.482	12.7567	
13.0534	13.0775	12.8041	12.5066	12.4825	12.7559	
13.0521	13.0771	12.805	12.5079	12.4829	12.755	
13.0509	13.0767	12.8058	12.5091	12.4833	12.7542	
13.0496	13.0762	12.8067	12.5104	12.4838	12.7533	
13.0483	13.0758	12.8075	12.5117	12.4842	12.7525	
13.0471	13.0754	12.8083	12.5129	12.4846	12.7517	
13.0458	13.0749	12.8091	12.5142	12.4851	12.7509	
13.0446	13.0745	12.8099	12.5154	12.4855	12.7501	
13.0433	13.0741	12.8108	12.5167	12.4859	12.7492	
13.0421	13.0736	12.8116	12.5179	12.4864	12.7484	
13.0408	13.0732	12.8124	12.5192	12.4868	12.7476	
13.0396	13.0727	12.8132	12.5204	12.4873	12.7468	
13.0383	13.0723	12.8139	12.5217	12.4877	12.7461	
13.0371	13.0718	12.8147	12.5229	12.4882	12.7453	
13.0359	13.0714	12.8155	12.5241	12.4886	12.7445	
13.0346	13.0709	12.8163	12.5254	12.4891	12.7437	
13.0334	13.0704	12.8171	12.5266	12.4896	12.7429	
13.0322	13.07	12.8178	12.5278	12.49	12.7422	
13.0309	13.0695	12.8186	12.5291	12.4905	12.7414	
13.0297	13.0691	12.8193	12.5303	12.4909	12.7407	
13.0285	13.0686	12.8201	12.5315	12.4914	12.7399	
13.0273	13.0681	12.8208	12.5327	12.4919	12.7392	
13.0261	13.0677	12.8216	12.5339	12.4923	12.7384	
13.0249	13.0672	12.8223	12.5351	12.4928	12.7377	
13.0237	13.0667	12.823	12.5363	12.4933	12.737	
13.0225	13.0662	12.8238	12.5375	12.4938	12.7362	
13.0213	13.0658	12.8245	12.5387	12.4942	12.7355	
13.0201	13.0653	12.8252	12.5399	12.4947	12.7348	
13.0189	13.0648	12.8259	12.5411	12.4952	12.7341	
13.0177	13.0643	12.8266	12.5423	12.4957	12.7334	
13.0165	13.0638	12.8273	12.5435	12.4962	12.7327	
13.0153	13.0634	12.828	12.5447	12.4966	12.732	
13.0141	13.0629	12.8287	12.5459	12.4971	12.7313	
13.013	13.0624	12.8294	12.547	12.4976	12.7306	
13.0118	13.0619	12.8301	12.5482	12.4981	12.7299	
13.0106	13.0614	12.8308	12.5494	12.4986	12.7292	
13.0094	13.0609	12.8315	12.5506	12.4991	12.7285	
13.0083	13.0604	12.8321	12.5517	12.4996	12.7279	
13.0071	13.0599	12.8328	12.5529	12.5001	12.7272	
13.0059	13.0594	12.8335	12.5541	12.5006	12.7265	
13.0048	13.0589	12.8341	12.5552	12.5011	12.7259	
13.0036	13.0584	12.8348	12.5564	12.5016	12.7252	
13.0025	13.0579	12.8354	12.5575	12.5021	12.7246	
13.0013	13.0574	12.8361	12.5587	12.5026	12.7239	
13.0002	13.0569	12.8367	12.5598	12.5031	12.7233	
12.999	13.0564	12.8374	12.561	12.5036	12.7226	
12.9979	13.0559	12.838	12.5621	12.5041	12.722	
12.9968	13.0554	12.8386	12.5632	12.5046	12.7214	
12.9956	13.0549	12.8392	12.5644	12.5051	12.7208	
12.9945	13.0544	12.8399	12.5655	12.5056	12.7201	
12.9934	13.0538	12.8405	12.5666	12.5062	12.7195	
12.9922	13.0533	12.8411	12.5678	12.5067	12.7189	
12.9911	13.0528	12.8417	12.5689	12.5072	12.7183	
12.99	13.0523	12.8423	12.57	12.5077	12.7177	
12.9889	13.0518	12.8429	12.5711	12.5082	12.7171	
12.9878	13.0513	12.8435	12.5722	12.5087	12.7165	
12.9867	13.0507	12.8441	12.5733	12.5093	12.7159	
12.9856	13.0502	12.8447	12.5744	12.5098	12.7153	
12.9845	13.0497	12.8452	12.5755	12.5103	12.7148	
12.9834	13.0492	12.8458	12.5766	12.5108	12.7142	
12.9823	13.0486	12.8464	12.5777	12.5114	12.7136	
12.9812	13.0481	12.8469	12.5788	12.5119	12.7131	
12.9801	13.0476	12.8475	12.5799	12.5124	12.7125	
12.979	13.047	12.8481	12.581	12.513	12.7119	
12.9779	13.0465	12.8486	12.5821	12.5135	12.7114	
12.9768	13.046	12.8492	12.5832	12.514	12.7108	
12.9757	13.0454	12.8497	12.5843	12.5146	12.7103	
12.9746	13.0449	12.8503	12.5854	12.5151	12.7097	
12.9736	13.0444	12.8508	12.5864	12.5156	12.7092	
12.9725	13.0438	12.8513	12.5875	12.5162	12.7087	
12.9714	13.0433	12.8519	12.5886	12.5167	12.7081	
12.9704	13.0428	12.8524	12.5896	12.5172	12.7076	
12.9693	13.0422	12.8529	12.5907	12.5178	12.7071	
12.9682	13.0417	12.8534	12.5918	12.5183	12.7066	
12.9672	13.0411	12.854	12.5928	12.5189	12.706	
12.9661	13.0406	12.8545	12.5939	12.5194	12.7055	
12.9651	13.04	12.855	12.5949	12.52	12.705	
12.964	13.0395	12.8555	12.596	12.5205	12.7045	
12.963	13.039	12.856	12.597	12.521	12.704	
12.9619	13.0384	12.8565	12.5981	12.5216	12.7035	
12.9609	13.0379	12.857	12.5991	12.5221	12.703	
12.9599	13.0373	12.8574	12.6001	12.5227	12.7026	
12.9588	13.0368	12.8579	12.6012	12.5232	12.7021	
12.9578	13.0362	12.8584	12.6022	12.5238	12.7016	
12.9568	13.0357	12.8589	12.6032	12.5243	12.7011	
12.9557	13.0351	12.8594	12.6043	12.5249	12.7006	
12.9547	13.0346	12.8598	12.6053	12.5254	12.7002	
12.9537	13.034	12.8603	12.6063	12.526	12.6997	
12.9527	13.0334	12.8607	12.6073	12.5266	12.6993	
12.9517	13.0329	12.8612	12.6083	12.5271	12.6988	
12.9507	13.0323	12.8617	12.6093	12.5277	12.6983	
12.9497	13.0318	12.8621	12.6103	12.5282	12.6979	
12.9487	13.0312	12.8626	12.6113	12.5288	12.6974	
12.9477	13.0307	12.863	12.6123	12.5293	12.697	
12.9467	13.0301	12.8634	12.6133	12.5299	12.6966	
12.9457	13.0295	12.8639	12.6143	12.5305	12.6961	
12.9447	13.029	12.8643	12.6153	12.531	12.6957	
12.9437	13.0284	12.8647	12.6163	12.5316	12.6953	
12.9427	13.0278	12.8651	12.6173	12.5322	12.6949	
12.9417	13.0273	12.8656	12.6183	12.5327	12.6944	
12.9407	13.0267	12.866	12.6193	12.5333	12.694	
12.9398	13.0262	12.8664	12.6202	12.5338	12.6936	
12.9388	13.0256	12.8668	12.6212	12.5344	12.6932	
12.9378	13.025	12.8672	12.6222	12.535	12.6928	
12.9368	13.0245	12.8676	12.6232	12.5355	12.6924	
12.9359	13.0239	12.868	12.6241	12.5361	12.692	
12.9349	13.0233	12.8684	12.6251	12.5367	12.6916	
12.934	13.0228	12.8688	12.626	12.5372	12.6912	
12.933	13.0222	12.8692	12.627	12.5378	12.6908	
12.9321	13.0216	12.8696	12.6279	12.5384	12.6904	
12.9311	13.021	12.8699	12.6289	12.539	12.6901	
12.9302	13.0205	12.8703	12.6298	12.5395	12.6897	
12.9292	13.0199	12.8707	12.6308	12.5401	12.6893	
12.9283	13.0193	12.8711	12.6317	12.5407	12.6889	
12.9273	13.0188	12.8714	12.6327	12.5412	12.6886	
12.9264	13.0182	12.8718	12.6336	12.5418	12.6882	
12.9255	13.0176	12.8721	12.6345	12.5424	12.6879	
12.9245	13.017	12.8725	12.6355	12.543	12.6875	
12.9236	13.0165	12.8729	12.6364	12.5435	12.6871	
12.9227	13.0159	12.8732	12.6373	12.5441	12.6868	
12.9218	13.0153	12.8736	12.6382	12.5447	12.6864	
12.9208	13.0147	12.8739	12.6392	12.5453	12.6861	
12.9199	13.0142	12.8742	12.6401	12.5458	12.6858	
12.919	13.0136	12.8746	12.641	12.5464	12.6854	
12.9181	13.013	12.8749	12.6419	12.547	12.6851	
12.9172	13.0124	12.8752	12.6428	12.5476	12.6848	
12.9163	13.0119	12.8756	12.6437	12.5481	12.6844	
12.9154	13.0113	12.8759	12.6446	12.5487	12.6841	
12.9145	13.0107	12.8762	12.6455	12.5493	12.6838	
12.9136	13.0101	12.8765	12.6464	12.5499	12.6835	
12.9127	13.0095	12.8768	12.6473	12.5505	12.6832	
12.9118	13.009	12.8771	12.6482	12.551	12.6829	
12.9109	13.0084	12.8774	12.6491	12.5516	12.6826	
12.91	13.0078	12.8778	12.65	12.5522	12.6822	
12.9092	13.0072	12.8781	12.6508	12.5528	12.6819	
12.9083	13.0066	12.8783	12.6517	12.5534	12.6817	
12.9074	13.0061	12.8786	12.6526	12.5539	12.6814	
12.9065	13.0055	12.8789	12.6535	12.5545	12.6811	
12.9057	13.0049	12.8792	12.6543	12.5551	12.6808	
12.9048	13.0043	12.8795	12.6552	12.5557	12.6805	
12.9039	13.0037	12.8798	12.6561	12.5563	12.6802	
12.9031	13.0032	12.8801	12.6569	12.5568	12.6799	
12.9022	13.0026	12.8803	12.6578	12.5574	12.6797	
12.9014	13.002	12.8806	12.6586	12.558	12.6794	
12.9005	13.0014	12.8809	12.6595	12.5586	12.6791	
12.8997	13.0008	12.8811	12.6603	12.5592	12.6789	
12.8988	13.0002	12.8814	12.6612	12.5598	12.6786	
12.898	12.9997	12.8817	12.662	12.5603	12.6783	
12.8971	12.9991	12.8819	12.6629	12.5609	12.6781	
12.8963	12.9985	12.8822	12.6637	12.5615	12.6778	
12.8955	12.9979	12.8824	12.6645	12.5621	12.6776	
12.8946	12.9973	12.8827	12.6654	12.5627	12.6773	
12.8938	12.9967	12.8829	12.6662	12.5633	12.6771	
12.893	12.9962	12.8832	12.667	12.5638	12.6768	
12.8922	12.9956	12.8834	12.6678	12.5644	12.6766	
12.8913	12.995	12.8836	12.6687	12.565	12.6764	
12.8905	12.9944	12.8839	12.6695	12.5656	12.6761	
12.8897	12.9938	12.8841	12.6703	12.5662	12.6759	
12.8889	12.9932	12.8843	12.6711	12.5668	12.6757	
12.8881	12.9927	12.8846	12.6719	12.5673	12.6754	
12.8873	12.9921	12.8848	12.6727	12.5679	12.6752	
12.8865	12.9915	12.885	12.6735	12.5685	12.675	
12.8857	12.9909	12.8852	12.6743	12.5691	12.6748	
12.8849	12.9903	12.8854	12.6751	12.5697	12.6746	
12.8841	12.9897	12.8856	12.6759	12.5703	12.6744	
12.8833	12.9891	12.8859	12.6767	12.5709	12.6741	
12.8825	12.9886	12.8861	12.6775	12.5714	12.6739	
12.8817	12.988	12.8863	12.6783	12.572	12.6737	
12.8809	12.9874	12.8865	12.6791	12.5726	12.6735	
12.8802	12.9868	12.8867	12.6798	12.5732	12.6733	
12.8794	12.9862	12.8869	12.6806	12.5738	12.6731	
12.8786	12.9856	12.887	12.6814	12.5744	12.673	
12.8778	12.9851	12.8872	12.6822	12.5749	12.6728	
12.8771	12.9845	12.8874	12.6829	12.5755	12.6726	
12.8763	12.9839	12.8876	12.6837	12.5761	12.6724	
12.8755	12.9833	12.8878	12.6845	12.5767	12.6722	
12.8748	12.9827	12.888	12.6852	12.5773	12.672	
12.874	12.9821	12.8881	12.686	12.5779	12.6719	
12.8732	12.9816	12.8883	12.6868	12.5784	12.6717	
12.8725	12.981	12.8885	12.6875	12.579	12.6715	
12.8717	12.9804	12.8886	12.6883	12.5796	12.6714	
12.871	12.9798	12.8888	12.689	12.5802	12.6712	
12.8703	12.9792	12.889	12.6897	12.5808	12.671	
12.8695	12.9786	12.8891	12.6905	12.5814	12.6709	
12.8688	12.9781	12.8893	12.6912	12.5819	12.6707	
12.868	12.9775	12.8894	12.692	12.5825	12.6706	
12.8673	12.9769	12.8896	12.6927	12.5831	12.6704	
12.8666	12.9763	12.8898	12.6934	12.5837	12.6702	
12.8658	12.9757	12.8899	12.6942	12.5843	12.6701	
12.8651	12.9752	12.89	12.6949	12.5848	12.67	
12.8644	12.9746	12.8902	12.6956	12.5854	12.6698	
12.8637	12.974	12.8903	12.6963	12.586	12.6697	
12.863	12.9734	12.8905	12.697	12.5866	12.6695	
12.8622	12.9728	12.8906	12.6978	12.5872	12.6694	
12.8615	12.9723	12.8907	12.6985	12.5877	12.6693	
12.8608	12.9717	12.8909	12.6992	12.5883	12.6691	
12.8601	12.9711	12.891	12.6999	12.5889	12.669	
12.8594	12.9705	12.8911	12.7006	12.5895	12.6689	
12.8587	12.9699	12.8912	12.7013	12.5901	12.6688	
12.858	12.9694	12.8914	12.702	12.5906	12.6686	
12.8573	12.9688	12.8915	12.7027	12.5912	12.6685	
12.8566	12.9682	12.8916	12.7034	12.5918	12.6684	
12.8559	12.9676	12.8917	12.7041	12.5924	12.6683	
12.8552	12.967	12.8918	12.7048	12.593	12.6682	
12.8545	12.9665	12.8919	12.7055	12.5935	12.6681	
12.8539	12.9659	12.892	12.7061	12.5941	12.668	
12.8532	12.9653	12.8921	12.7068	12.5947	12.6679	
12.8525	12.9647	12.8922	12.7075	12.5953	12.6678	
12.8518	12.9642	12.8923	12.7082	12.5958	12.6677	
12.8512	12.9636	12.8924	12.7088	12.5964	12.6676	
12.8505	12.963	12.8925	12.7095	12.597	12.6675	
12.8498	12.9624	12.8926	12.7102	12.5976	12.6674	
12.8492	12.9619	12.8927	12.7108	12.5981	12.6673	
12.8485	12.9613	12.8928	12.7115	12.5987	12.6672	
12.8478	12.9607	12.8929	12.7122	12.5993	12.6671	
12.8472	12.9601	12.893	12.7128	12.5999	12.667	
12.8465	12.9596	12.8931	12.7135	12.6004	12.6669	
12.8459	12.959	12.8931	12.7141	12.601	12.6669	
12.8452	12.9584	12.8932	12.7148	12.6016	12.6668	
12.8446	12.9579	12.8933	12.7154	12.6021	12.6667	
12.8439	12.9573	12.8934	12.7161	12.6027	12.6666	
12.8433	12.9567	12.8934	12.7167	12.6033	12.6666	
12.8426	12.9561	12.8935	12.7174	12.6039	12.6665	
12.842	12.9556	12.8936	12.718	12.6044	12.6664	
12.8414	12.955	12.8936	12.7186	12.605	12.6664	
12.8407	12.9544	12.8937	12.7193	12.6056	12.6663	
12.8401	12.9539	12.8937	12.7199	12.6061	12.6663	
12.8395	12.9533	12.8938	12.7205	12.6067	12.6662	
12.8389	12.9527	12.8939	12.7211	12.6073	12.6661	
12.8382	12.9522	12.8939	12.7218	12.6078	12.6661	
12.8376	12.9516	12.894	12.7224	12.6084	12.666	
12.837	12.951	12.894	12.723	12.609	12.666	
12.8364	12.9505	12.8941	12.7236	12.6095	12.6659	
12.8358	12.9499	12.8941	12.7242	12.6101	12.6659	
12.8352	12.9493	12.8942	12.7248	12.6107	12.6658	
12.8346	12.9488	12.8942	12.7254	12.6112	12.6658	
12.834	12.9482	12.8942	12.726	12.6118	12.6658	
12.8334	12.9476	12.8943	12.7266	12.6124	12.6657	
12.8328	12.9471	12.8943	12.7272	12.6129	12.6657	
12.8322	12.9465	12.8943	12.7278	12.6135	12.6657	
12.8316	12.946	12.8944	12.7284	12.614	12.6656	
12.831	12.9454	12.8944	12.729	12.6146	12.6656	
12.8304	12.9448	12.8944	12.7296	12.6152	12.6656	
12.8298	12.9443	12.8945	12.7302	12.6157	12.6655	
12.8292	12.9437	12.8945	12.7308	12.6163	12.6655	
12.8287	12.9432	12.8945	12.7313	12.6168	12.6655	
12.8281	12.9426	12.8945	12.7319	12.6174	12.6655	
12.8275	12.9421	12.8945	12.7325	12.6179	12.6655	
12.8269	12.9415	12.8946	12.7331	12.6185	12.6654	
12.8264	12.9409	12.8946	12.7336	12.6191	12.6654	
12.8258	12.9404	12.8946	12.7342	12.6196	12.6654	
12.8252	12.9398	12.8946	12.7348	12.6202	12.6654	
12.8247	12.9393	12.8946	12.7353	12.6207	12.6654	
12.8241	12.9387	12.8946	12.7359	12.6213	12.6654	
12.8235	12.9382	12.8946	12.7365	12.6218	12.6654	
12.823	12.9376	12.8946	12.737	12.6224	12.6654	
12.8224	12.9371	12.8946	12.7376	12.6229	12.6654	
12.8219	12.9365	12.8946	12.7381	12.6235	12.6654	
12.8213	12.936	12.8946	12.7387	12.624	12.6654	
12.8208	12.9354	12.8946	12.7392	12.6246	12.6654	
12.8202	12.9349	12.8946	12.7398	12.6251	12.6654	
12.8197	12.9343	12.8946	12.7403	12.6257	12.6654	
12.8192	12.9338	12.8946	12.7408	12.6262	12.6654	
12.8186	12.9332	12.8946	12.7414	12.6268	12.6654	
12.8181	12.9327	12.8946	12.7419	12.6273	12.6654	
12.8176	12.9321	12.8946	12.7424	12.6279	12.6654	
12.817	12.9316	12.8946	12.743	12.6284	12.6654	
12.8165	12.931	12.8945	12.7435	12.629	12.6655	
12.816	12.9305	12.8945	12.744	12.6295	12.6655	
12.8154	12.93	12.8945	12.7446	12.63	12.6655	
12.8149	12.9294	12.8945	12.7451	12.6306	12.6655	
12.8144	12.9289	12.8945	12.7456	12.6311	12.6655	
12.8139	12.9283	12.8944	12.7461	12.6317	12.6656	
12.8134	12.9278	12.8944	12.7466	12.6322	12.6656	
12.8129	12.9273	12.8944	12.7471	12.6327	12.6656	
12.8124	12.9267	12.8944	12.7476	12.6333	12.6656	
12.8119	12.9262	12.8943	12.7481	12.6338	12.6657	
12.8113	12.9256	12.8943	12.7487	12.6344	12.6657	
12.8108	12.9251	12.8943	12.7492	12.6349	12.6657	
12.8103	12.9246	12.8942	12.7497	12.6354	12.6658	
12.8099	12.924	12.8942	12.7501	12.636	12.6658	
12.8094	12.9235	12.8941	12.7506	12.6365	12.6659	
12.8089	12.923	12.8941	12.7511	12.637	12.6659	
12.8084	12.9224	12.8941	12.7516	12.6376	12.6659	
12.8079	12.9219	12.894	12.7521	12.6381	12.666	
12.8074	12.9214	12.894	12.7526	12.6386	12.666	
12.8069	12.9208	12.8939	12.7531	12.6392	12.6661	
12.8064	12.9203	12.8939	12.7536	12.6397	12.6661	
12.806	12.9198	12.8938	12.754	12.6402	12.6662	
12.8055	12.9193	12.8938	12.7545	12.6407	12.6662	
12.805	12.9187	12.8937	12.755	12.6413	12.6663	
12.8045	12.9182	12.8937	12.7555	12.6418	12.6663	
12.8041	12.9177	12.8936	12.7559	12.6423	12.6664	
12.8036	12.9172	12.8936	12.7564	12.6428	12.6664	
12.8031	12.9166	12.8935	12.7569	12.6434	12.6665	
12.8027	12.9161	12.8934	12.7573	12.6439	12.6666	
12.8022	12.9156	12.8934	12.7578	12.6444	12.6666	
12.8017	12.9151	12.8933	12.7583	12.6449	12.6667	
12.8013	12.9145	12.8933	12.7587	12.6455	12.6667	
12.8008	12.914	12.8932	12.7592	12.646	12.6668	
12.8004	12.9135	12.8931	12.7596	12.6465	12.6669	
12.7999	12.913	12.8931	12.7601	12.647	12.6669	
12.7995	12.9125	12.893	12.7605	12.6475	12.667	
12.799	12.9119	12.8929	12.761	12.6481	12.6671	
12.7986	12.9114	12.8928	12.7614	12.6486	12.6672	
12.7981	12.9109	12.8928	12.7619	12.6491	12.6672	
12.7977	12.9104	12.8927	12.7623	12.6496	12.6673	
12.7973	12.9099	12.8926	12.7627	12.6501	12.6674	
12.7968	12.9094	12.8925	12.7632	12.6506	12.6675	
12.7964	12.9089	12.8925	12.7636	12.6511	12.6675	
12.796	12.9084	12.8924	12.764	12.6516	12.6676	
12.7955	12.9078	12.8923	12.7645	12.6522	12.6677	
12.7951	12.9073	12.8922	12.7649	12.6527	12.6678	
12.7947	12.9068	12.8921	12.7653	12.6532	12.6679	
12.7943	12.9063	12.892	12.7657	12.6537	12.668	
12.7939	12.9058	12.892	12.7661	12.6542	12.668	
12.7934	12.9053	12.8919	12.7666	12.6547	12.6681	
12.793	12.9048	12.8918	12.767	12.6552	12.6682	
12.7926	12.9043	12.8917	12.7674	12.6557	12.6683	
12.7922	12.9038	12.8916	12.7678	12.6562	12.6684	
12.7918	12.9033	12.8915	12.7682	12.6567	12.6685	
12.7914	12.9028	12.8914	12.7686	12.6572	12.6686	
12.791	12.9023	12.8913	12.769	12.6577	12.6687	
12.7906	12.9018	12.8912	12.7694	12.6582	12.6688	
12.7902	12.9013	12.8911	12.7698	12.6587	12.6689	
12.7898	12.9008	12.891	12.7702	12.6592	12.669	
12.7894	12.9003	12.8909	12.7706	12.6597	12.6691	
12.789	12.8998	12.8908	12.771	12.6602	12.6692	
12.7886	12.8993	12.8907	12.7714	12.6607	12.6693	
12.7882	12.8988	12.8906	12.7718	12.6612	12.6694	
12.7878	12.8983	12.8905	12.7722	12.6617	12.6695	
12.7874	12.8978	12.8904	12.7726	12.6622	12.6696	
12.787	12.8973	12.8903	12.773	12.6627	12.6697	
12.7866	12.8968	12.8902	12.7734	12.6632	12.6698	
12.7863	12.8964	12.8901	12.7737	12.6636	12.6699	
12.7859	12.8959	12.89	12.7741	12.6641	12.67	
12.7855	12.8954	12.8899	12.7745	12.6646	12.6701	
12.7851	12.8949	12.8898	12.7749	12.6651	12.6702	
12.7848	12.8944	12.8897	12.7752	12.6656	12.6703	
12.7844	12.8939	12.8895	12.7756	12.6661	12.6705	
12.784	12.8934	12.8894	12.776	12.6666	12.6706	
12.7837	12.893	12.8893	12.7763	12.667	12.6707	
12.7833	12.8925	12.8892	12.7767	12.6675	12.6708	
12.7829	12.892	12.8891	12.7771	12.668	12.6709	
12.7826	12.8915	12.889	12.7774	12.6685	12.671	
12.7822	12.891	12.8888	12.7778	12.669	12.6712	
12.7818	12.8906	12.8887	12.7782	12.6694	12.6713	
12.7815	12.8901	12.8886	12.7785	12.6699	12.6714	
12.7811	12.8896	12.8885	12.7789	12.6704	12.6715	
12.7808	12.8891	12.8883	12.7792	12.6709	12.6717	
12.7804	12.8887	12.8882	12.7796	12.6713	12.6718	
12.7801	12.8882	12.8881	12.7799	12.6718	12.6719	
12.7797	12.8877	12.888	12.7803	12.6723	12.672	
12.7794	12.8872	12.8878	12.7806	12.6728	12.6722	
12.7791	12.8868	12.8877	12.7809	12.6732	12.6723	
12.7787	12.8863	12.8876	12.7813	12.6737	12.6724	
12.7784	12.8858	12.8874	12.7816	12.6742	12.6726	
12.778	12.8854	12.8873	12.782	12.6746	12.6727	
12.7777	12.8849	12.8872	12.7823	12.6751	12.6728	
12.7774	12.8844	12.8871	12.7826	12.6756	12.6729	
12.777	12.884	12.8869	12.783	12.676	12.6731	
12.7767	12.8835	12.8868	12.7833	12.6765	12.6732	
12.7764	12.883	12.8866	12.7836	12.677	12.6734	
12.7761	12.8826	12.8865	12.7839	12.6774	12.6735	
12.7757	12.8821	12.8864	12.7843	12.6779	12.6736	
12.7754	12.8817	12.8862	12.7846	12.6783	12.6738	
12.7751	12.8812	12.8861	12.7849	12.6788	12.6739	
12.7748	12.8807	12.886	12.7852	12.6793	12.674	
12.7745	12.8803	12.8858	12.7855	12.6797	12.6742	
12.7742	12.8798	12.8857	12.7858	12.6802	12.6743	
12.7738	12.8794	12.8855	12.7862	12.6806	12.6745	
12.7735	12.8789	12.8854	12.7865	12.6811	12.6746	
12.7732	12.8785	12.8852	12.7868	12.6815	12.6748	
12.7729	12.878	12.8851	12.7871	12.682	12.6749	
12.7726	12.8776	12.8849	12.7874	12.6824	12.6751	
12.7723	12.8771	12.8848	12.7877	12.6829	12.6752	
12.772	12.8767	12.8847	12.788	12.6833	12.6753	
12.7717	12.8762	12.8845	12.7883	12.6838	12.6755	
12.7714	12.8758	12.8844	12.7886	12.6842	12.6756	
12.7711	12.8753	12.8842	12.7889	12.6847	12.6758	
12.7708	12.8749	12.8841	12.7892	12.6851	12.6759	
12.7705	12.8744	12.8839	12.7895	12.6856	12.6761	
12.7702	12.874	12.8837	12.7898	12.686	12.6763	
12.77	12.8735	12.8836	12.79	12.6865	12.6764	
12.7697	12.8731	12.8834	12.7903	12.6869	12.6766	
12.7694	12.8727	12.8833	12.7906	12.6873	12.6767	
12.7691	12.8722	12.8831	12.7909	12.6878	12.6769	
12.7688	12.8718	12.883	12.7912	12.6882	12.677	
12.7685	12.8714	12.8828	12.7915	12.6886	12.6772	
12.7683	12.8709	12.8827	12.7917	12.6891	12.6773	
12.768	12.8705	12.8825	12.792	12.6895	12.6775	
12.7677	12.8701	12.8823	12.7923	12.6899	12.6777	
12.7674	12.8696	12.8822	12.7926	12.6904	12.6778	
12.7672	12.8692	12.882	12.7928	12.6908	12.678	
12.7669	12.8688	12.8819	12.7931	12.6912	12.6781	
12.7666	12.8683	12.8817	12.7934	12.6917	12.6783	
12.7664	12.8679	12.8815	12.7936	12.6921	12.6785	
12.7661	12.8675	12.8814	12.7939	12.6925	12.6786	
12.7658	12.867	12.8812	12.7942	12.693	12.6788	
12.7656	12.8666	12.881	12.7944	12.6934	12.679	
12.7653	12.8662	12.8809	12.7947	12.6938	12.6791	
12.7651	12.8658	12.8807	12.7949	12.6942	12.6793	
12.7648	12.8653	12.8806	12.7952	12.6947	12.6794	
12.7645	12.8649	12.8804	12.7955	12.6951	12.6796	
12.7643	12.8645	12.8802	12.7957	12.6955	12.6798	
12.764	12.8641	12.88	12.796	12.6959	12.68	
12.7638	12.8637	12.8799	12.7962	12.6963	12.6801	
12.7635	12.8632	12.8797	12.7965	12.6968	12.6803	
12.7633	12.8628	12.8795	12.7967	12.6972	12.6805	
12.763	12.8624	12.8794	12.797	12.6976	12.6806	
12.7628	12.862	12.8792	12.7972	12.698	12.6808	
12.7626	12.8616	12.879	12.7974	12.6984	12.681	
12.7623	12.8612	12.8789	12.7977	12.6988	12.6811	
12.7621	12.8608	12.8787	12.7979	12.6992	12.6813	
12.7618	12.8604	12.8785	12.7982	12.6996	12.6815	
12.7616	12.8599	12.8783	12.7984	12.7001	12.6817	
12.7614	12.8595	12.8782	12.7986	12.7005	12.6818	
12.7611	12.8591	12.878	12.7989	12.7009	12.682	
12.7609	12.8587	12.8778	12.7991	12.7013	12.6822	
12.7607	12.8583	12.8776	12.7993	12.7017	12.6824	
12.7605	12.8579	12.8775	12.7995	12.7021	12.6825	
12.7602	12.8575	12.8773	12.7998	12.7025	12.6827	
12.76	12.8571	12.8771	12.8	12.7029	12.6829	
12.7598	12.8567	12.8769	12.8002	12.7033	12.6831	
12.7596	12.8563	12.8767	12.8004	12.7037	12.6833	
12.7593	12.8559	12.8766	12.8007	12.7041	12.6834	
12.7591	12.8555	12.8764	12.8009	12.7045	12.6836	
12.7589	12.8551	12.8762	12.8011	12.7049	12.6838	
12.7587	12.8547	12.876	12.8013	12.7053	12.684	
12.7585	12.8543	12.8758	12.8015	12.7057	12.6842	
12.7583	12.8539	12.8757	12.8017	12.7061	12.6843	
12.7581	12.8535	12.8755	12.8019	12.7065	12.6845	
12.7579	12.8532	12.8753	12.8021	12.7068	12.6847	
12.7576	12.8528	12.8751	12.8024	12.7072	12.6849	
12.7574	12.8524	12.8749	12.8026	12.7076	12.6851	
12.7572	12.852	12.8748	12.8028	12.708	12.6852	
12.757	12.8516	12.8746	12.803	12.7084	12.6854	
12.7568	12.8512	12.8744	12.8032	12.7088	12.6856	
12.7566	12.8508	12.8742	12.8034	12.7092	12.6858	
12.7564	12.8504	12.874	12.8036	12.7096	12.686	
12.7562	12.8501	12.8738	12.8038	12.7099	12.6862	
12.756	12.8497	12.8736	12.804	12.7103	12.6864	
12.7558	12.8493	12.8735	12.8042	12.7107	12.6865	
12.7557	12.8489	12.8733	12.8043	12.7111	12.6867	
12.7555	12.8485	12.8731	12.8045	12.7115	12.6869	
12.7553	12.8482	12.8729	12.8047	12.7118	12.6871	
12.7551	12.8478	12.8727	12.8049	12.7122	12.6873	
12.7549	12.8474	12.8725	12.8051	12.7126	12.6875	
12.7547	12.847	12.8723	12.8053	12.713	12.6877	
12.7545	12.8467	12.8721	12.8055	12.7133	12.6879	
12.7543	12.8463	12.8719	12.8057	12.7137	12.6881	
12.7542	12.8459	12.8718	12.8058	12.7141	12.6882	
12.754	12.8455	12.8716	12.806	12.7145	12.6884	
12.7538	12.8452	12.8714	12.8062	12.7148	12.6886	
12.7536	12.8448	12.8712	12.8064	12.7152	12.6888	
12.7534	12.8444	12.871	12.8066	12.7156	12.689	
12.7533	12.8441	12.8708	12.8067	12.7159	12.6892	
12.7531	12.8437	12.8706	12.8069	12.7163	12.6894	
12.7529	12.8433	12.8704	12.8071	12.7167	12.6896	
12.7528	12.843	12.8702	12.8072	12.717	12.6898	
12.7526	12.8426	12.87	12.8074	12.7174	12.69	
12.7524	12.8423	12.8698	12.8076	12.7177	12.6902	
12.7523	12.8419	12.8696	12.8077	12.7181	12.6904	
12.7521	12.8415	12.8694	12.8079	12.7185	12.6906	
12.7519	12.8412	12.8693	12.8081	12.7188	12.6907	
12.7518	12.8408	12.8691	12.8082	12.7192	12.6909	
12.7516	12.8405	12.8689	12.8084	12.7195	12.6911	
12.7514	12.8401	12.8687	12.8086	12.7199	12.6913	
12.7513	12.8398	12.8685	12.8087	12.7202	12.6915	
12.7511	12.8394	12.8683	12.8089	12.7206	12.6917	
12.751	12.8391	12.8681	12.809	12.7209	12.6919	
12.7508	12.8387	12.8679	12.8092	12.7213	12.6921	
12.7507	12.8384	12.8677	12.8093	12.7216	12.6923	
12.7505	12.838	12.8675	12.8095	12.722	12.6925	
12.7504	12.8377	12.8673	12.8096	12.7223	12.6927	
12.7502	12.8373	12.8671	12.8098	12.7227	12.6929	
12.7501	12.837	12.8669	12.8099	12.723	12.6931	
12.7499	12.8366	12.8667	12.8101	12.7234	12.6933	
12.7498	12.8363	12.8665	12.8102	12.7237	12.6935	
12.7496	12.8359	12.8663	12.8104	12.7241	12.6937	
12.7495	12.8356	12.8661	12.8105	12.7244	12.6939	
12.7493	12.8352	12.8659	12.8107	12.7248	12.6941	
12.7492	12.8349	12.8657	12.8108	12.7251	12.6943	
12.7491	12.8346	12.8655	12.8109	12.7254	12.6945	
12.7489	12.8342	12.8653	12.8111	12.7258	12.6947	
12.7488	12.8339	12.8651	12.8112	12.7261	12.6949	
12.7487	12.8336	12.8649	12.8113	12.7264	12.6951	
12.7485	12.8332	12.8647	12.8115	12.7268	12.6953	
12.7484	12.8329	12.8645	12.8116	12.7271	12.6955	
12.7483	12.8326	12.8643	12.8117	12.7274	12.6957	
12.7481	12.8322	12.8641	12.8119	12.7278	12.6959	
12.748	12.8319	12.8639	12.812	12.7281	12.6961	
12.7479	12.8316	12.8637	12.8121	12.7284	12.6963	
12.7477	12.8312	12.8635	12.8123	12.7288	12.6965	
12.7476	12.8309	12.8633	12.8124	12.7291	12.6967	
12.7475	12.8306	12.8631	12.8125	12.7294	12.6969	
12.7474	12.8303	12.8629	12.8126	12.7297	12.6971	
12.7472	12.8299	12.8627	12.8128	12.7301	12.6973	
12.7471	12.8296	12.8625	12.8129	12.7304	12.6975	
12.747	12.8293	12.8623	12.813	12.7307	12.6977	
12.7469	12.829	12.8621	12.8131	12.731	12.6979	
12.7468	12.8287	12.8619	12.8132	12.7313	12.6981	
12.7467	12.8283	12.8617	12.8133	12.7317	12.6983	
12.7465	12.828	12.8615	12.8135	12.732	12.6985	
12.7464	12.8277	12.8613	12.8136	12.7323	12.6987	
12.7463	12.8274	12.8611	12.8137	12.7326	12.6989	
12.7462	12.8271	12.8609	12.8138	12.7329	12.6991	
12.7461	12.8268	12.8607	12.8139	12.7332	12.6993	
12.746	12.8264	12.8605	12.814	12.7336	12.6995	
12.7459	12.8261	12.8603	12.8141	12.7339	12.6997	
12.7458	12.8258	12.8601	12.8142	12.7342	12.6999	
12.7457	12.8255	12.8599	12.8143	12.7345	12.7001	
12.7456	12.8252	12.8597	12.8144	12.7348	12.7003	
12.7454	12.8249	12.8595	12.8146	12.7351	12.7005	
12.7453	12.8246	12.8592	12.8147	12.7354	12.7008	
12.7452	12.8243	12.859	12.8148	12.7357	12.701	
12.7451	12.824	12.8588	12.8149	12.736	12.7012	
12.745	12.8237	12.8586	12.815	12.7363	12.7014	
12.7449	12.8234	12.8584	12.8151	12.7366	12.7016	
12.7448	12.8231	12.8582	12.8152	12.7369	12.7018	
12.7448	12.8228	12.858	12.8152	12.7372	12.702	
12.7447	12.8225	12.8578	12.8153	12.7375	12.7022	
12.7446	12.8222	12.8576	12.8154	12.7378	12.7024	
12.7445	12.8219	12.8574	12.8155	12.7381	12.7026	
12.7444	12.8216	12.8572	12.8156	12.7384	12.7028	
12.7443	12.8213	12.857	12.8157	12.7387	12.703	
12.7442	12.821	12.8568	12.8158	12.739	12.7032	
12.7441	12.8207	12.8566	12.8159	12.7393	12.7034	
12.744	12.8204	12.8564	12.816	12.7396	12.7036	
12.7439	12.8201	12.8562	12.8161	12.7399	12.7038	
12.7438	12.8198	12.856	12.8162	12.7402	12.704	
12.7438	12.8195	12.8558	12.8162	12.7405	12.7042	
12.7437	12.8192	12.8556	12.8163	12.7408	12.7044	
12.7436	12.819	12.8554	12.8164	12.741	12.7046	
12.7435	12.8187	12.8552	12.8165	12.7413	12.7048	
12.7434	12.8184	12.855	12.8166	12.7416	12.705	
12.7434	12.8181	12.8547	12.8166	12.7419	12.7053	
12.7433	12.8178	12.8545	12.8167	12.7422	12.7055	
12.7432	12.8175	12.8543	12.8168	12.7425	12.7057	
12.7431	12.8173	12.8541	12.8169	12.7427	12.7059	
12.743	12.817	12.8539	12.817	12.743	12.7061	
12.743	12.8167	12.8537	12.817	12.7433	12.7063	
12.7429	12.8164	12.8535	12.8171	12.7436	12.7065	
12.7428	12.8161	12.8533	12.8172	12.7439	12.7067	
12.7428	12.8159	12.8531	12.8172	12.7441	12.7069	
12.7427	12.8156	12.8529	12.8173	12.7444	12.7071	
12.7426	12.8153	12.8527	12.8174	12.7447	12.7073	
12.7425	12.815	12.8525	12.8175	12.745	12.7075	
12.7425	12.8148	12.8523	12.8175	12.7452	12.7077	
12.7424	12.8145	12.8521	12.8176	12.7455	12.7079	
12.7423	12.8142	12.8519	12.8177	12.7458	12.7081	
12.7423	12.814	12.8517	12.8177	12.746	12.7083	
12.7422	12.8137	12.8515	12.8178	12.7463	12.7085	
12.7422	12.8134	12.8513	12.8178	12.7466	12.7087	
12.7421	12.8132	12.8511	12.8179	12.7468	12.7089	
12.742	12.8129	12.8509	12.818	12.7471	12.7091	
12.742	12.8126	12.8507	12.818	12.7474	12.7093	
12.7419	12.8124	12.8504	12.8181	12.7476	12.7096	
12.7419	12.8121	12.8502	12.8181	12.7479	12.7098	
12.7418	12.8118	12.85	12.8182	12.7482	12.71	
12.7417	12.8116	12.8498	12.8183	12.7484	12.7102	
12.7417	12.8113	12.8496	12.8183	12.7487	12.7104	
12.7416	12.8111	12.8494	12.8184	12.7489	12.7106	
12.7416	12.8108	12.8492	12.8184	12.7492	12.7108	
12.7415	12.8105	12.849	12.8185	12.7495	12.711	
12.7415	12.8103	12.8488	12.8185	12.7497	12.7112	
12.7414	12.81	12.8486	12.8186	12.75	12.7114	
12.7414	12.8098	12.8484	12.8186	12.7502	12.7116	
12.7413	12.8095	12.8482	12.8187	12.7505	12.7118	
12.7413	12.8093	12.848	12.8187	12.7507	12.712	
12.7412	12.809	12.8478	12.8188	12.751	12.7122	
12.7412	12.8088	12.8476	12.8188	12.7512	12.7124	
12.7411	12.8085	12.8474	12.8189	12.7515	12.7126	
12.7411	12.8083	12.8472	12.8189	12.7517	12.7128	
12.741	12.808	12.847	12.819	12.752	12.713	
12.741	12.8078	12.8468	12.819	12.7522	12.7132	
12.7409	12.8075	12.8466	12.8191	12.7525	12.7134	
12.7409	12.8073	12.8464	12.8191	12.7527	12.7136	
12.7409	12.807	12.8462	12.8191	12.753	12.7138	
12.7408	12.8068	12.846	12.8192	12.7532	12.714	
12.7408	12.8065	12.8458	12.8192	12.7535	12.7142	
12.7407	12.8063	12.8456	12.8193	12.7537	12.7144	
12.7407	12.8061	12.8454	12.8193	12.7539	12.7146	
12.7407	12.8058	12.8452	12.8193	12.7542	12.7148	
12.7406	12.8056	12.845	12.8194	12.7544	12.715	
12.7406	12.8054	12.8448	12.8194	12.7546	12.7152	
12.7406	12.8051	12.8445	12.8194	12.7549	12.7155	
12.7405	12.8049	12.8443	12.8195	12.7551	12.7157	
12.7405	12.8046	12.8441	12.8195	12.7554	12.7159	
12.7405	12.8044	12.8439	12.8195	12.7556	12.7161	
12.7404	12.8042	12.8437	12.8196	12.7558	12.7163	
12.7404	12.8039	12.8435	12.8196	12.7561	12.7165	
12.7404	12.8037	12.8433	12.8196	12.7563	12.7167	
12.7403	12.8035	12.8431	12.8197	12.7565	12.7169	
12.7403	12.8033	12.8429	12.8197	12.7567	12.7171	
12.7403	12.803	12.8427	12.8197	12.757	12.7173	
12.7403	12.8028	12.8425	12.8197	12.7572	12.7175	
12.7402	12.8026	12.8423	12.8198	12.7574	12.7177	
12.7402	12.8023	12.8421	12.8198	12.7577	12.7179	
12.7402	12.8021	12.8419	12.8198	12.7579	12.7181	
12.7402	12.8019	12.8417	12.8198	12.7581	12.7183	
12.7401	12.8017	12.8415	12.8199	12.7583	12.7185	
12.7401	12.8015	12.8413	12.8199	12.7585	12.7187	
12.7401	12.8012	12.8411	12.8199	12.7588	12.7189	
12.7401	12.801	12.8409	12.8199	12.759	12.7191	
12.7401	12.8008	12.8407	12.8199	12.7592	12.7193	
12.74	12.8006	12.8405	12.82	12.7594	12.7195	
12.74	12.8004	12.8403	12.82	12.7596	12.7197	
12.74	12.8001	12.8401	12.82	12.7599	12.7199	
12.74	12.7999	12.8399	12.82	12.7601	12.7201	
12.74	12.7997	12.8397	12.82	12.7603	12.7203	
12.7399	12.7995	12.8395	12.8201	12.7605	12.7205	
12.7399	12.7993	12.8393	12.8201	12.7607	12.7207	
12.7399	12.7991	12.8392	12.8201	12.7609	12.7208	
12.7399	12.7989	12.839	12.8201	12.7611	12.721	
12.7399	12.7986	12.8388	12.8201	12.7614	12.7212	
12.7399	12.7984	12.8386	12.8201	12.7616	12.7214	
12.7399	12.7982	12.8384	12.8201	12.7618	12.7216	
12.7399	12.798	12.8382	12.8201	12.762	12.7218	
12.7398	12.7978	12.838	12.8202	12.7622	12.722	
12.7398	12.7976	12.8378	12.8202	12.7624	12.7222	
12.7398	12.7974	12.8376	12.8202	12.7626	12.7224	
12.7398	12.7972	12.8374	12.8202	12.7628	12.7226	
12.7398	12.797	12.8372	12.8202	12.763	12.7228	
12.7398	12.7968	12.837	12.8202	12.7632	12.723	
12.7398	12.7966	12.8368	12.8202	12.7634	12.7232	
12.7398	12.7964	12.8366	12.8202	12.7636	12.7234	
12.7398	12.7962	12.8364	12.8202	12.7638	12.7236	
12.7398	12.796	12.8362	12.8202	12.764	12.7238	
12.7398	12.7958	12.836	12.8202	12.7642	12.724	
12.7398	12.7956	12.8358	12.8202	12.7644	12.7242	
12.7398	12.7954	12.8356	12.8202	12.7646	12.7244	
12.7398	12.7952	12.8354	12.8202	12.7648	12.7246	
12.7398	12.795	12.8352	12.8202	12.765	12.7248	
12.7398	12.7948	12.835	12.8202	12.7652	12.725	
12.7398	12.7946	12.8348	12.8202	12.7654	12.7252	
12.7398	12.7944	12.8347	12.8202	12.7656	12.7253	
12.7398	12.7942	12.8345	12.8202	12.7658	12.7255	
12.7398	12.794	12.8343	12.8202	12.766	12.7257	
12.7398	12.7939	12.8341	12.8202	12.7661	12.7259	
12.7398	12.7937	12.8339	12.8202	12.7663	12.7261	
12.7398	12.7935	12.8337	12.8202	12.7665	12.7263	
12.7398	12.7933	12.8335	12.8202	12.7667	12.7265	
12.7398	12.7931	12.8333	12.8202	12.7669	12.7267	
12.7398	12.7929	12.8331	12.8202	12.7671	12.7269	
12.7398	12.7927	12.8329	12.8202	12.7673	12.7271	
12.7398	12.7926	12.8327	12.8202	12.7674	12.7273	
12.7398	12.7924	12.8325	12.8202	12.7676	12.7275	
12.7398	12.7922	12.8324	12.8202	12.7678	12.7276	
12.7398	12.792	12.8322	12.8202	12.768	12.7278	
12.7398	12.7918	12.832	12.8202	12.7682	12.728	
12.7399	12.7916	12.8318	12.8201	12.7684	12.7282	
12.7399	12.7915	12.8316	12.8201	12.7685	12.7284	
