-1.11	5.835	19.725	26.67	19.725	5.835	
-1.08657	5.80902	19.6756	26.6466	19.751	5.88442	
-1.06314	5.78321	19.6264	26.6231	19.7768	5.93364	
-1.03972	5.75759	19.5773	26.5997	19.8024	5.98269	
-1.0163	5.73216	19.5285	26.5763	19.8278	6.03154	
-0.992892	5.70689	19.4798	26.5529	19.8531	6.08021	
-0.969494	5.68181	19.4313	26.5295	19.8782	6.1287	
-0.94611	5.6569	19.383	26.5061	19.9031	6.17699	
-0.922742	5.63216	19.3349	26.4827	19.9278	6.22509	
-0.899391	5.6076	19.287	26.4594	19.9524	6.27301	
-0.87606	5.58321	19.2393	26.4361	19.9768	6.32073	
-0.852752	5.55898	19.1917	26.4128	20.001	6.36827	
-0.829467	5.53492	19.1444	26.3895	20.0251	6.41561	
-0.80621	5.51103	19.0972	26.3662	20.049	6.46277	
-0.782981	5.48729	19.0503	26.343	20.0727	6.50973	
-0.759783	5.46373	19.0035	26.3198	20.0963	6.55649	
-0.736618	5.44032	18.9569	26.2966	20.1197	6.60307	
-0.713489	5.41706	18.9106	26.2735	20.1429	6.64945	
-0.690397	5.39397	18.8644	26.2504	20.166	6.69563	
-0.667346	5.37103	18.8184	26.2273	20.189	6.74162	
-0.644336	5.34825	18.7726	26.2043	20.2118	6.78742	
-0.621371	5.32561	18.727	26.1814	20.2344	6.83302	
-0.598453	5.30313	18.6816	26.1585	20.2569	6.87842	
-0.575584	5.28079	18.6364	26.1356	20.2792	6.92363	
-0.552766	5.2586	18.5914	26.1128	20.3014	6.96863	
-0.530002	5.23656	18.5466	26.09	20.3234	7.01344	
-0.507293	5.21465	18.5019	26.0673	20.3453	7.05805	
-0.484643	5.19289	18.4575	26.0446	20.3671	7.10246	
-0.462053	5.17127	18.4133	26.0221	20.3887	7.14667	
-0.439526	5.14979	18.3693	25.9995	20.4102	7.19068	
-0.417064	5.12844	18.3255	25.9771	20.4316	7.23449	
-0.39467	5.10723	18.2819	25.9547	20.4528	7.2781	
-0.372345	5.08615	18.2385	25.9323	20.4738	7.3215	
-0.350093	5.0652	18.1953	25.9101	20.4948	7.3647	
-0.327915	5.04438	18.1523	25.8879	20.5156	7.4077	
-0.305815	5.02369	18.1095	25.8658	20.5363	7.45049	
-0.283793	5.00313	18.0669	25.8438	20.5569	7.49308	
-0.261854	4.98268	18.0245	25.8219	20.5773	7.53546	
-0.239999	4.96236	17.9824	25.8	20.5976	7.57764	
-0.218231	4.94216	17.9404	25.7782	20.6178	7.61961	
-0.196552	4.92208	17.8986	25.7566	20.6379	7.66137	
-0.174965	4.90212	17.8571	25.735	20.6579	7.70292	
-0.153472	4.88227	17.8157	25.7135	20.6777	7.74426	
-0.132076	4.86253	17.7746	25.6921	20.6975	7.78539	
-0.11078	4.84291	17.7337	25.6708	20.7171	7.82631	
-0.0895859	4.82339	17.693	25.6496	20.7366	7.86702	
-0.0684965	4.80398	17.6525	25.6285	20.756	7.90752	
-0.0475143	4.78468	17.6122	25.6075	20.7753	7.94781	
-0.0266422	4.76548	17.5721	25.5866	20.7945	7.98788	
-0.00588278	4.74638	17.5323	25.5659	20.8136	8.02774	
0.0147612	4.72738	17.4926	25.5452	20.8326	8.06738	
0.035287	4.70848	17.4532	25.5247	20.8515	8.10681	
0.0556918	4.68968	17.414	25.5043	20.8703	8.14602	
0.0759728	4.67096	17.375	25.484	20.889	8.18501	
0.0961272	4.65235	17.3362	25.4639	20.9077	8.22378	
0.116152	4.63382	17.2977	25.4438	20.9262	8.26234	
0.136045	4.61537	17.2593	25.424	20.9446	8.30067	
0.155802	4.59702	17.2212	25.4042	20.963	8.33878	
0.175421	4.57875	17.1833	25.3846	20.9813	8.37667	
0.194898	4.56056	17.1457	25.3651	20.9994	8.41434	
0.214231	4.54245	17.1082	25.3458	21.0176	8.45178	
0.233417	4.52441	17.071	25.3266	21.0356	8.489	
0.252452	4.50646	17.034	25.3075	21.0535	8.526	
0.271334	4.48857	16.9972	25.2887	21.0714	8.56276	
0.290058	4.47076	16.9607	25.2699	21.0892	8.5993	
0.308622	4.45301	16.9244	25.2514	21.107	8.63561	
0.327023	4.43533	16.8883	25.233	21.1247	8.67169	
0.345256	4.41772	16.8525	25.2147	21.1423	8.70754	
0.36332	4.40017	16.8168	25.1967	21.1598	8.74315	
0.38121	4.38267	16.7815	25.1788	21.1773	8.77854	
0.398922	4.36524	16.7463	25.1611	21.1948	8.81368	
0.416454	4.34786	16.7114	25.1435	21.2121	8.8486	
0.433801	4.33053	16.6767	25.1262	21.2295	8.88327	
0.450961	4.31325	16.6423	25.109	21.2467	8.91771	
0.467928	4.29602	16.6081	25.0921	21.264	8.95191	
0.484701	4.27883	16.5741	25.0753	21.2812	8.98587	
0.501273	4.26169	16.5404	25.0587	21.2983	9.01958	
0.517643	4.24459	16.5069	25.0424	21.3154	9.05305	
0.533805	4.22752	16.4737	25.0262	21.3325	9.08628	
0.549756	4.21049	16.4407	25.0102	21.3495	9.11926	
0.565491	4.1935	16.408	24.9945	21.3665	9.15199	
0.581007	4.17653	16.3755	24.979	21.3835	9.18448	
0.596299	4.15959	16.3433	24.9637	21.4004	9.21671	
0.611363	4.14267	16.3113	24.9486	21.4173	9.24869	
0.626194	4.12577	16.2796	24.9338	21.4342	9.28042	
0.640788	4.10889	16.2481	24.9192	21.4511	9.3119	
0.65514	4.09203	16.2169	24.9049	21.468	9.34311	
0.669246	4.07518	16.1859	24.8908	21.4848	9.37407	
0.683101	4.05834	16.1552	24.8769	21.5017	9.40476	
0.6967	4.0415	16.1248	24.8633	21.5185	9.4352	
0.710038	4.02467	16.0946	24.85	21.5353	9.46537	
0.72311	4.00784	16.0647	24.8369	21.5522	9.49527	
0.735911	3.991	16.0351	24.8241	21.569	9.52491	
0.748436	3.97416	16.0057	24.8116	21.5858	9.55427	
0.760679	3.95731	15.9766	24.7993	21.6027	9.58337	
0.772635	3.94045	15.9478	24.7874	21.6196	9.61219	
0.784297	3.92356	15.9193	24.7757	21.6364	9.64073	
0.795662	3.90666	15.891	24.7643	21.6533	9.669	
0.806722	3.88974	15.863	24.7533	21.6703	9.69698	
0.817471	3.87279	15.8353	24.7425	21.6872	9.72469	
0.827905	3.8558	15.8079	24.7321	21.7042	9.7521	
0.838015	3.83878	15.7808	24.722	21.7212	9.77923	
0.847797	3.82173	15.7539	24.7122	21.7383	9.80607	
0.857243	3.80463	15.7274	24.7028	21.7554	9.83262	
0.866347	3.78748	15.7011	24.6937	21.7725	9.85887	
0.875101	3.77028	15.6752	24.6849	21.7897	9.88482	
0.8835	3.75303	15.6495	24.6765	21.807	9.91047	
0.891535	3.73571	15.6242	24.6685	21.8243	9.93582	
0.8992	3.71834	15.5991	24.6608	21.8417	9.96086	
0.906487	3.70089	15.5744	24.6535	21.8591	9.9856	
0.913388	3.68337	15.55	24.6466	21.8766	10.01	
0.919895	3.66578	15.5259	24.6401	21.8942	10.0341	
0.926001	3.6481	15.5021	24.634	21.9119	10.0579	
0.931696	3.63033	15.4786	24.6283	21.9297	10.0814	
0.936973	3.61247	15.4555	24.623	21.9475	10.1045	
0.941823	3.59452	15.4327	24.6182	21.9655	10.1273	
0.946236	3.57646	15.4102	24.6138	21.9835	10.1498	
0.950204	3.55829	15.3881	24.6098	22.0017	10.1719	
0.953717	3.54001	15.3663	24.6063	22.02	10.1937	
0.956766	3.52161	15.3448	24.6032	22.0384	10.2152	
0.95934	3.50308	15.3237	24.6007	22.0569	10.2363	
0.961429	3.48442	15.303	24.5986	22.0756	10.257	
0.963023	3.46562	15.2826	24.597	22.0944	10.2774	
0.96411	3.44668	15.2626	24.5959	22.1133	10.2974	
0.964681	3.42759	15.2429	24.5953	22.1324	10.3171	
0.964723	3.40835	15.2236	24.5953	22.1517	10.3364	
0.964224	3.38893	15.2047	24.5958	22.1711	10.3553	
0.963173	3.36935	15.1862	24.5968	22.1906	10.3738	
0.961557	3.34959	15.168	24.5984	22.2104	10.392	
0.959363	3.32964	15.1503	24.6006	22.2304	10.4097	
0.956578	3.3095	15.1329	24.6034	22.2505	10.4271	
0.953188	3.28916	15.116	24.6068	22.2708	10.444	
0.94918	3.26861	15.0994	24.6108	22.2914	10.4606	
0.944538	3.24784	15.0833	24.6155	22.3122	10.4767	
0.939248	3.22685	15.0676	24.6208	22.3332	10.4924	
0.933295	3.20562	15.0523	24.6267	22.3544	10.5077	
0.926662	3.18414	15.0375	24.6333	22.3759	10.5225	
0.919334	3.16241	15.0231	24.6407	22.3976	10.5369	
0.911293	3.14042	15.0091	24.6487	22.4196	10.5509	
0.902521	3.11815	14.9956	24.6575	22.4418	10.5644	
0.893002	3.0956	14.9826	24.667	22.4644	10.5774	
0.882716	3.07276	14.97	24.6773	22.4872	10.59	
0.871643	3.04961	14.958	24.6884	22.5104	10.602	
0.859765	3.02614	14.9464	24.7002	22.5339	10.6136	
0.84706	3.00234	14.9353	24.7129	22.5577	10.6247	
0.833507	2.9782	14.9247	24.7265	22.5818	10.6353	
0.819084	2.95371	14.9146	24.7409	22.6063	10.6454	
0.803768	2.92885	14.9051	24.7562	22.6312	10.6549	
0.787535	2.9036	14.8961	24.7725	22.6564	10.6639	
0.770362	2.87797	14.8876	24.7896	22.682	10.6724	
0.752222	2.85192	14.8797	24.8078	22.7081	10.6803	
0.73309	2.82545	14.8724	24.8269	22.7346	10.6876	
0.712938	2.79853	14.8656	24.8471	22.7615	10.6944	
0.691737	2.77116	14.8594	24.8683	22.7888	10.7006	
0.669459	2.74332	14.8539	24.8905	22.8167	10.7061	
0.646073	2.71499	14.8489	24.9139	22.845	10.7111	
0.621547	2.68614	14.8446	24.9385	22.8739	10.7154	
0.595848	2.65677	14.8409	24.9642	22.9032	10.7191	
0.568942	2.62684	14.8379	24.9911	22.9332	10.7221	
0.540794	2.59635	14.8356	25.0192	22.9636	10.7244	
0.511367	2.56527	14.8339	25.0486	22.9947	10.7261	
0.480621	2.53357	14.8329	25.0794	23.0264	10.7271	
0.448518	2.50124	14.8327	25.1115	23.0588	10.7273	
0.415016	2.46824	14.8332	25.145	23.0918	10.7268	
0.38007	2.43456	14.8345	25.1799	23.1254	10.7255	
0.343636	2.40016	14.8365	25.2164	23.1598	10.7235	
0.305667	2.36503	14.8394	25.2543	23.195	10.7206	
0.266113	2.32912	14.843	25.2939	23.2309	10.717	
0.224923	2.29242	14.8475	25.3351	23.2676	10.7125	
0.182044	2.25488	14.8528	25.378	23.3051	10.7072	
0.137419	2.21648	14.8591	25.4226	23.3435	10.7009	
0.0909899	2.17718	14.8662	25.469	23.3828	10.6938	
0.0426957	2.13694	14.8742	25.5173	23.4231	10.6858	
-0.00752778	2.09573	14.8833	25.5675	23.4643	10.6767	
-0.0597474	2.0535	14.8933	25.6197	23.5065	10.6667	
-0.114033	2.01022	14.9043	25.674	23.5498	10.6557	
-0.170459	1.96584	14.9163	25.7305	23.5942	10.6437	
-0.229101	1.92031	14.9294	25.7891	23.6397	10.6306	
-0.29004	1.87358	14.9436	25.85	23.6864	10.6164	
-0.353361	1.8256	14.959	25.9134	23.7344	10.601	
-0.419153	1.77632	14.9755	25.9792	23.7837	10.5845	
-0.487508	1.72569	14.9932	26.0475	23.8343	10.5668	
-0.558526	1.67363	15.0122	26.1185	23.8864	10.5478	
-0.632309	1.62008	15.0324	26.1923	23.9399	10.5276	
-0.708965	1.56499	15.054	26.269	23.995	10.506	
-0.788608	1.50827	15.0769	26.3486	24.0517	10.4831	
-0.871359	1.44985	15.1012	26.4314	24.1102	10.4588	
-0.957343	1.38965	15.127	26.5173	24.1704	10.433	
-1.0467	1.32758	15.1543	26.6067	24.2324	10.4057	
-1.13956	1.26356	15.1831	26.6996	24.2964	10.3769	
-1.23607	1.19748	15.2136	26.7961	24.3625	10.3464	
-1.3364	1.12925	15.2457	26.8964	24.4307	10.3143	
-1.44071	1.05876	15.2795	27.0007	24.5012	10.2805	
-1.54918	0.985879	15.3151	27.1092	24.5741	10.2449	
-1.66198	0.910497	15.3525	27.222	24.6495	10.2075	
-1.77933	0.832476	15.3918	27.3393	24.7275	10.1682	
-1.90141	0.751674	15.4331	27.4614	24.8083	10.1269	
-2.02846	0.667938	15.4764	27.5885	24.8921	10.0836	
-2.16071	0.581105	15.5218	27.7207	24.9789	10.0382	
-2.29841	0.490999	15.5694	27.8584	25.069	9.9906	
-2.44181	0.397429	15.6192	28.0018	25.1626	9.94076	
-2.444	0.396014	15.62	28.004	25.164	9.93999	
-2.44612	0.394636	15.6208	28.0061	25.1654	9.93924	
-2.44817	0.393294	15.6215	28.0082	25.1667	9.93853	
-2.45016	0.39199	15.6221	28.0102	25.168	9.93785	
-2.45208	0.390722	15.6228	28.0121	25.1693	9.9372	
-2.45393	0.389492	15.6234	28.0139	25.1705	9.93658	
-2.45571	0.388298	15.624	28.0157	25.1717	9.93599	
-2.45742	0.387142	15.6246	28.0174	25.1729	9.93544	
-2.45907	0.386022	15.6251	28.0191	25.174	9.93491	
-2.46065	0.384939	15.6256	28.0206	25.1751	9.93441	
-2.46216	0.383894	15.6261	28.0222	25.1761	9.93395	
-2.4636	0.382885	15.6265	28.0236	25.1771	9.93351	
-2.46498	0.381913	15.6269	28.025	25.1781	9.93311	
-2.46628	0.380979	15.6273	28.0263	25.179	9.93274	
-2.46752	0.380081	15.6276	28.0275	25.1799	9.93239	
-2.4687	0.37922	15.6279	28.0287	25.1808	9.93208	
-2.4698	0.378397	15.6282	28.0298	25.1816	9.9318	
-2.47084	0.37761	15.6285	28.0308	25.1824	9.93155	
-2.47181	0.376861	15.6287	28.0318	25.1831	9.93133	
-2.47271	0.376148	15.6289	28.0327	25.1839	9.93114	
-2.47355	0.375473	15.629	28.0335	25.1845	9.93098	
-2.47432	0.374834	15.6291	28.0343	25.1852	9.93085	
-2.47502	0.374233	15.6292	28.035	25.1858	9.93075	
-2.47565	0.373668	15.6293	28.0356	25.1863	9.93068	
-2.47621	0.373141	15.6294	28.0362	25.1869	9.93064	
-2.47671	0.372651	15.6294	28.0367	25.1873	9.93064	
-2.47714	0.372197	15.6293	28.0371	25.1878	9.93066	
-2.47751	0.371781	15.6293	28.0375	25.1882	9.93071	
-2.4778	0.371402	15.6292	28.0378	25.1886	9.9308	
-2.47803	0.37106	15.6291	28.038	25.1889	9.93091	
-2.47819	0.370755	15.6289	28.0382	25.1892	9.93105	
-2.47829	0.370487	15.6288	28.0383	25.1895	9.93123	
-2.47831	0.370256	15.6286	28.0383	25.1897	9.93143	
-2.47827	0.370062	15.6283	28.0383	25.1899	9.93166	
-2.47817	0.369905	15.6281	28.0382	25.1901	9.93193	
-2.47799	0.369785	15.6278	28.038	25.1902	9.93222	
-2.47775	0.369703	15.6275	28.0377	25.1903	9.93255	
-2.47744	0.369657	15.6271	28.0374	25.1903	9.9329	
-2.47706	0.369648	15.6267	28.0371	25.1904	9.93329	
-2.47662	0.369677	15.6263	28.0366	25.1903	9.9337	
-2.47611	0.369742	15.6259	28.0361	25.1903	9.93415	
-2.47553	0.369845	15.6254	28.0355	25.1902	9.93462	
-2.47489	0.369984	15.6249	28.0349	25.19	9.93513	
-2.47417	0.370161	15.6243	28.0342	25.1898	9.93567	
-2.47339	0.370374	15.6238	28.0334	25.1896	9.93623	
-2.47255	0.370625	15.6232	28.0325	25.1894	9.93683	
-2.47163	0.370912	15.6225	28.0316	25.1891	9.93745	
-2.47065	0.371237	15.6219	28.0307	25.1888	9.93811	
-2.4696	0.371599	15.6212	28.0296	25.1884	9.9388	
-2.46849	0.371997	15.6205	28.0285	25.188	9.93951	
-2.46731	0.372433	15.6197	28.0273	25.1876	9.94026	
-2.46606	0.372906	15.619	28.0261	25.1871	9.94104	
-2.46474	0.373415	15.6182	28.0247	25.1866	9.94185	
-2.46336	0.373962	15.6173	28.0234	25.186	9.94268	
-2.4619	0.374545	15.6164	28.0219	25.1855	9.94355	
-2.46039	0.375166	15.6156	28.0204	25.1848	9.94445	
-2.4588	0.375823	15.6146	28.0188	25.1842	9.94538	
-2.45715	0.376517	15.6137	28.0171	25.1835	9.94633	
-2.45543	0.377248	15.6127	28.0154	25.1828	9.94732	
-2.45364	0.378017	15.6117	28.0136	25.182	9.94834	
-2.45179	0.378822	15.6106	28.0118	25.1812	9.94939	
-2.44987	0.379664	15.6095	28.0099	25.1803	9.95047	
-2.44788	0.380542	15.6084	28.0079	25.1795	9.95158	
-2.44582	0.381458	15.6073	28.0058	25.1785	9.95272	
-2.4437	0.382411	15.6061	28.0037	25.1776	9.95389	
-2.44151	0.3834	15.6049	28.0015	25.1766	9.95509	
-2.43926	0.384426	15.6037	27.9993	25.1756	9.95632	
-2.43693	0.385489	15.6024	27.9969	25.1745	9.95758	
-2.43454	0.386589	15.6011	27.9945	25.1734	9.95887	
-2.43208	0.387726	15.5998	27.9921	25.1723	9.96019	
-2.42956	0.388899	15.5985	27.9896	25.1711	9.96155	
-2.42696	0.390109	15.5971	27.987	25.1699	9.96293	
-2.4243	0.391356	15.5957	27.9843	25.1686	9.96434	
-2.42158	0.392639	15.5942	27.9816	25.1674	9.96578	
-2.41878	0.39396	15.5927	27.9788	25.166	9.96726	
-2.41592	0.395317	15.5912	27.9759	25.1647	9.96876	
-2.41299	0.39671	15.5897	27.973	25.1633	9.9703	
-2.41	0.39814	15.5881	27.97	25.1619	9.97186	
-2.40693	0.399607	15.5865	27.9669	25.1604	9.97346	
-2.4038	0.401111	15.5849	27.9638	25.1589	9.97509	
-2.4006	0.402651	15.5833	27.9606	25.1573	9.97675	
-2.39734	0.404227	15.5816	27.9573	25.1558	9.97843	
-2.39401	0.405841	15.5798	27.954	25.1542	9.98015	
-2.39061	0.40749	15.5781	27.9506	25.1525	9.9819	
-2.38714	0.409176	15.5763	27.9471	25.1508	9.98368	
-2.3836	0.410899	15.5745	27.9436	25.1491	9.9855	
-2.38	0.412658	15.5727	27.94	25.1473	9.98734	
-2.37633	0.414454	15.5708	27.9363	25.1455	9.98921	
-2.3726	0.416286	15.5689	27.9326	25.1437	9.99112	
-2.36879	0.418154	15.5669	27.9288	25.1418	9.99305	
-2.36492	0.420059	15.565	27.9249	25.1399	9.99502	
-2.36098	0.422	15.563	27.921	25.138	9.99702	
-2.35698	0.423977	15.561	27.917	25.136	9.99905	
-2.3529	0.425991	15.5589	27.9129	25.134	10.0011	
-2.34876	0.428041	15.5568	27.9088	25.132	10.0032	
-2.34455	0.430127	15.5547	27.9046	25.1299	10.0053	
-2.34028	0.432249	15.5525	27.9003	25.1278	10.0075	
-2.33593	0.434408	15.5503	27.8959	25.1256	10.0097	
-2.33152	0.436602	15.5481	27.8915	25.1234	10.0119	
-2.32704	0.438833	15.5459	27.887	25.1212	10.0141	
-2.03483	0.58544	15.4003	27.5948	24.9746	10.1597	
-1.75386	0.726606	15.2605	27.3139	24.8334	10.2995	
-1.48344	0.862662	15.1261	27.0434	24.6973	10.4339	
-1.22297	0.993914	14.9969	26.783	24.5661	10.5631	
-0.971866	1.12064	14.8725	26.5319	24.4394	10.6875	
-0.729598	1.24311	14.7527	26.2896	24.3169	10.8073	
-0.495675	1.36155	14.6372	26.0557	24.1985	10.9228	
-0.269641	1.47619	14.5258	25.8296	24.0838	11.0342	
-0.0510754	1.58724	14.4183	25.6111	23.9728	11.1417	
0.160416	1.69488	14.3145	25.3996	23.8651	11.2455	
0.3652	1.7993	14.2141	25.1948	23.7607	11.3459	
0.563616	1.90066	14.117	24.9964	23.6593	11.443	
0.755982	1.99912	14.0231	24.804	23.5609	11.5369	
0.942596	2.09482	13.9322	24.6174	23.4652	11.6278	
1.12374	2.1879	13.8442	24.4363	23.3721	11.7158	
1.29966	2.27849	13.7588	24.2603	23.2815	11.8012	
1.47061	2.36669	13.6761	24.0894	23.1933	11.8839	
1.63683	2.45263	13.5958	23.9232	23.1074	11.9642	
1.79851	2.53641	13.5179	23.7615	23.0236	12.0421	
1.95587	2.61812	13.4423	23.6041	22.9419	12.1177	
2.1091	2.69787	13.3688	23.4509	22.8621	12.1912	
2.25836	2.77572	13.2974	23.3016	22.7843	12.2626	
2.40384	2.85178	13.2279	23.1562	22.7082	12.3321	
2.5457	2.92611	13.1604	23.0143	22.6339	12.3996	
2.68407	2.99878	13.0947	22.8759	22.5612	12.4653	
2.8191	3.06987	13.0308	22.7409	22.4901	12.5292	
2.95093	3.13945	12.9685	22.6091	22.4206	12.5915	
3.07969	3.20756	12.9079	22.4803	22.3524	12.6521	
3.20549	3.27427	12.8488	22.3545	22.2857	12.7112	
3.32844	3.33964	12.7912	22.2316	22.2204	12.7688	
3.44866	3.40372	12.7351	22.1113	22.1563	12.8249	
3.56625	3.46655	12.6803	21.9937	22.0934	12.8797	
3.68131	3.52819	12.6269	21.8787	22.0318	12.9331	
3.79392	3.58868	12.5748	21.7661	21.9713	12.9852	
3.90418	3.64806	12.5239	21.6558	21.9119	13.0361	
4.01217	3.70637	12.4742	21.5478	21.8536	13.0858	
4.11797	3.76365	12.4257	21.442	21.7964	13.1343	
4.22165	3.81994	12.3783	21.3383	21.7401	13.1817	
4.32329	3.87526	12.332	21.2367	21.6847	13.228	
4.42296	3.92967	12.2867	21.137	21.6303	13.2733	
4.52072	3.98318	12.2425	21.0393	21.5768	13.3175	
4.61663	4.03583	12.1992	20.9434	21.5242	13.3608	
4.71076	4.08764	12.1569	20.8492	21.4724	13.4031	
4.80316	4.13865	12.1155	20.7568	21.4214	13.4445	
4.89389	4.18887	12.075	20.6661	21.3711	13.485	
4.98299	4.23835	12.0354	20.577	21.3217	13.5246	
5.07053	4.28709	11.9966	20.4895	21.2729	13.5634	
5.15654	4.33512	11.9586	20.4035	21.2249	13.6014	
5.24108	4.38247	11.9214	20.3189	21.1775	13.6386	
5.32418	4.42915	11.885	20.2358	21.1308	13.675	
5.4059	4.47519	11.8493	20.1541	21.0848	13.7107	
5.48627	4.52061	11.8143	20.0737	21.0394	13.7457	
5.56532	4.56542	11.7801	19.9947	20.9946	13.7799	
5.6431	4.60964	11.7465	19.9169	20.9504	13.8135	
5.71965	4.65329	11.7136	19.8403	20.9067	13.8464	
5.79499	4.69639	11.6814	19.765	20.8636	13.8786	
5.86917	4.73895	11.6498	19.6908	20.8211	13.9102	
5.94221	4.78098	11.6188	19.6178	20.779	13.9412	
6.01414	4.82251	11.5884	19.5459	20.7375	13.9716	
6.08499	4.86354	11.5586	19.475	20.6965	14.0014	
6.15479	4.9041	11.5293	19.4052	20.6559	14.0307	
6.22358	4.94418	11.5006	19.3364	20.6158	14.0594	
6.29137	4.98381	11.4724	19.2686	20.5762	14.0876	
6.35818	5.023	11.4448	19.2018	20.537	14.1152	
6.42406	5.06176	11.4177	19.1359	20.4982	14.1423	
6.48901	5.10009	11.3911	19.071	20.4599	14.1689	
6.55307	5.13802	11.365	19.0069	20.422	14.195	
6.61624	5.17555	11.3393	18.9438	20.3845	14.2207	
6.67857	5.21269	11.3141	18.8814	20.3473	14.2459	
6.74005	5.24945	11.2894	18.8199	20.3105	14.2706	
6.80073	5.28584	11.2651	18.7593	20.2742	14.2949	
6.8606	5.32188	11.2413	18.6994	20.2381	14.3187	
6.9197	5.35756	11.2179	18.6403	20.2024	14.3421	
6.97805	5.3929	11.1949	18.582	20.1671	14.3651	
7.03564	5.4279	11.1723	18.5244	20.1321	14.3877	
7.09252	5.46258	11.1501	18.4675	20.0974	14.4099	
7.14868	5.49693	11.1283	18.4113	20.0631	14.4317	
7.20415	5.53098	11.1068	18.3558	20.029	14.4532	
7.25895	5.56472	11.0858	18.3011	19.9953	14.4742	
7.31308	5.59816	11.0651	18.2469	19.9618	14.4949	
7.36656	5.63132	11.0448	18.1934	19.9287	14.5152	
7.4194	5.66418	11.0248	18.1406	19.8958	14.5352	
7.47162	5.69677	11.0052	18.0884	19.8632	14.5548	
7.52324	5.72909	10.9859	18.0368	19.8309	14.5741	
7.57425	5.76114	10.9669	17.9857	19.7989	14.5931	
7.62469	5.79293	10.9482	17.9353	19.7671	14.6118	
7.67455	5.82447	10.9299	17.8855	19.7355	14.6301	
7.72384	5.85575	10.9119	17.8362	19.7042	14.6481	
7.77259	5.88679	10.8942	17.7874	19.6732	14.6658	
7.8208	5.9176	10.8768	17.7392	19.6424	14.6832	
7.86848	5.94816	10.8597	17.6915	19.6118	14.7003	
7.91565	5.9785	10.8429	17.6444	19.5815	14.7171	
7.9623	6.00861	10.8263	17.5977	19.5514	14.7337	
8.00846	6.03851	10.81	17.5515	19.5215	14.75	
8.05412	6.06818	10.7941	17.5059	19.4918	14.7659	
8.09931	6.09764	10.7783	17.4607	19.4624	14.7817	
8.14402	6.1269	10.7629	17.416	19.4331	14.7971	
8.18827	6.15595	10.7477	17.3717	19.4041	14.8123	
8.23207	6.1848	10.7327	17.3279	19.3752	14.8273	
8.27542	6.21345	10.718	17.2846	19.3465	14.842	
8.31833	6.24191	10.7036	17.2417	19.3181	14.8564	
8.36081	6.27019	10.6894	17.1992	19.2898	14.8706	
8.40287	6.29827	10.6754	17.1571	19.2617	14.8846	
8.44451	6.32618	10.6617	17.1155	19.2338	14.8983	
8.48574	6.3539	10.6482	17.0743	19.2061	14.9118	
8.52657	6.38145	10.6349	17.0334	19.1786	14.9251	
8.567	6.40882	10.6218	16.993	19.1512	14.9382	
8.60705	6.43603	10.609	16.953	19.124	14.951	
8.64671	6.46306	10.5964	16.9133	19.0969	14.9636	
8.686	6.48994	10.5839	16.874	19.0701	14.9761	
8.72491	6.51665	10.5717	16.8351	19.0434	14.9883	
8.76347	6.5432	10.5597	16.7965	19.0168	15.0003	
8.80166	6.5696	10.5479	16.7583	18.9904	15.0121	
8.83951	6.59584	10.5363	16.7205	18.9642	15.0237	
8.877	6.62193	10.5249	16.683	18.9381	15.0351	
8.91415	6.64788	10.5137	16.6458	18.9121	15.0463	
8.95097	6.67367	10.5027	16.609	18.8863	15.0573	
8.98746	6.69933	10.4919	16.5725	18.8607	15.0681	
9.02362	6.72484	10.4812	16.5364	18.8352	15.0788	
9.05946	6.75021	10.4708	16.5005	18.8098	15.0892	
9.09498	6.77544	10.4605	16.465	18.7846	15.0995	
9.13019	6.80054	10.4504	16.4298	18.7595	15.1096	
9.16509	6.8255	10.4404	16.3949	18.7345	15.1196	
9.19969	6.85033	10.4306	16.3603	18.7097	15.1294	
9.23399	6.87504	10.421	16.326	18.685	15.139	
9.26799	6.89961	10.4116	16.292	18.6604	15.1484	
9.30171	6.92406	10.4024	16.2583	18.6359	15.1576	
9.33514	6.94839	10.3932	16.2249	18.6116	15.1668	
9.36829	6.97259	10.3843	16.1917	18.5874	15.1757	
9.40116	6.99667	10.3755	16.1588	18.5633	15.1845	
9.43375	7.02064	10.3669	16.1262	18.5394	15.1931	
9.46608	7.04448	10.3584	16.0939	18.5155	15.2016	
9.49813	7.06821	10.3501	16.0619	18.4918	15.2099	
9.52993	7.09183	10.3419	16.0301	18.4682	15.2181	
9.56146	7.11533	10.3339	15.9985	18.4447	15.2261	
9.59273	7.13872	10.326	15.9673	18.4213	15.234	
9.62376	7.16201	10.3182	15.9362	18.398	15.2418	
9.65453	7.18518	10.3107	15.9055	18.3748	15.2493	
9.68505	7.20825	10.3032	15.8749	18.3518	15.2568	
9.71534	7.23121	10.2959	15.8447	18.3288	15.2641	
9.74538	7.25406	10.2887	15.8146	18.3059	15.2713	
9.77518	7.27682	10.2816	15.7848	18.2832	15.2784	
9.80475	7.29947	10.2747	15.7553	18.2605	15.2853	
9.83408	7.32202	10.2679	15.7259	18.238	15.2921	
9.86319	7.34447	10.2613	15.6968	18.2155	15.2987	
9.89207	7.36682	10.2547	15.6679	18.1932	15.3053	
9.92073	7.38908	10.2483	15.6393	18.1709	15.3117	
9.94917	7.41124	10.2421	15.6108	18.1488	15.3179	
9.97738	7.4333	10.2359	15.5826	18.1267	15.3241	
10.0054	7.45527	10.2299	15.5546	18.1047	15.3301	
10.0332	7.47715	10.224	15.5268	18.0828	15.336	
10.0608	7.49894	10.2182	15.4992	18.0611	15.3418	
10.0881	7.52063	10.2125	15.4719	18.0394	15.3475	
10.1153	7.54224	10.207	15.4447	18.0178	15.353	
10.1422	7.56375	10.2015	15.4178	17.9962	15.3585	
10.169	7.58518	10.1962	15.391	17.9748	15.3638	
10.1956	7.60652	10.191	15.3644	17.9535	15.369	
10.2219	7.62778	10.1859	15.3381	17.9322	15.3741	
10.2481	7.64895	10.1809	15.3119	17.911	15.3791	
10.2741	7.67004	10.176	15.2859	17.89	15.384	
10.2998	7.69104	10.1712	15.2602	17.869	15.3888	
10.3254	7.71196	10.1665	15.2346	17.848	15.3935	
10.3508	7.7328	10.1619	15.2092	17.8272	15.3981	
10.3761	7.75355	10.1575	15.1839	17.8064	15.4025	
10.4011	7.77423	10.1531	15.1589	17.7858	15.4069	
10.426	7.79483	10.1489	15.134	17.7652	15.4111	
10.4507	7.81534	10.1447	15.1093	17.7447	15.4153	
10.4752	7.83578	10.1406	15.0848	17.7242	15.4194	
10.4995	7.85614	10.1367	15.0605	17.7039	15.4233	
10.5236	7.87643	10.1328	15.0364	17.6836	15.4272	
10.5476	7.89664	10.129	15.0124	17.6634	15.431	
10.5714	7.91677	10.1253	14.9886	17.6432	15.4347	
10.5951	7.93683	10.1218	14.9649	17.6232	15.4382	
10.6186	7.95682	10.1183	14.9414	17.6032	15.4417	
10.6419	7.97673	10.1149	14.9181	17.5833	15.4451	
10.665	7.99657	10.1116	14.895	17.5634	15.4484	
10.688	8.01634	10.1083	14.872	17.5437	15.4517	
10.7108	8.03603	10.1052	14.8492	17.524	15.4548	
10.7335	8.05566	10.1022	14.8265	17.5043	15.4578	
10.756	8.07521	10.0992	14.804	17.4848	15.4608	
10.7783	8.0947	10.0963	14.7817	17.4653	15.4637	
10.8005	8.11411	10.0936	14.7595	17.4459	15.4664	
10.8226	8.13346	10.0909	14.7374	17.4265	15.4691	
10.8445	8.15274	10.0883	14.7155	17.4073	15.4717	
10.8662	8.17195	10.0857	14.6938	17.3881	15.4743	
10.8878	8.19109	10.0833	14.6722	17.3689	15.4767	
10.9093	8.21017	10.0809	14.6507	17.3498	15.4791	
10.9306	8.22918	10.0786	14.6294	17.3308	15.4814	
10.9517	8.24812	10.0764	14.6083	17.3119	15.4836	
10.9727	8.267	10.0743	14.5873	17.293	15.4857	
10.9936	8.28581	10.0722	14.5664	17.2742	15.4878	
11.0143	8.30456	10.0702	14.5457	17.2554	15.4898	
11.0349	8.32325	10.0683	14.5251	17.2368	15.4917	
11.0554	8.34187	10.0665	14.5046	17.2181	15.4935	
11.0757	8.36043	10.0648	14.4843	17.1996	15.4952	
11.0958	8.37893	10.0631	14.4642	17.1811	15.4969	
11.1159	8.39736	10.0615	14.4441	17.1626	15.4985	
11.1358	8.41574	10.06	14.4242	17.1443	15.5	
11.1556	8.43405	10.0585	14.4044	17.126	15.5015	
11.1752	8.4523	10.0571	14.3848	17.1077	15.5029	
11.1947	8.47049	10.0558	14.3653	17.0895	15.5042	
11.2141	8.48862	10.0545	14.3459	17.0714	15.5055	
11.2333	8.50669	10.0534	14.3267	17.0533	15.5066	
11.2524	8.5247	10.0523	14.3076	17.0353	15.5077	
11.2714	8.54265	10.0512	14.2886	17.0173	15.5088	
11.2903	8.56055	10.0502	14.2697	16.9995	15.5098	
11.3091	8.57838	10.0493	14.2509	16.9816	15.5107	
11.3277	8.59616	10.0485	14.2323	16.9638	15.5115	
11.3462	8.61388	10.0477	14.2138	16.9461	15.5123	
11.3645	8.63154	10.047	14.1955	16.9285	15.513	
11.3828	8.64914	10.0463	14.1772	16.9109	15.5137	
11.4009	8.66669	10.0458	14.1591	16.8933	15.5142	
11.419	8.68418	10.0452	14.141	16.8758	15.5148	
11.4369	8.70161	10.0448	14.1231	16.8584	15.5152	
11.4546	8.71899	10.0444	14.1054	16.841	15.5156	
11.4723	8.73632	10.044	14.0877	16.8237	15.516	
11.4898	8.75359	10.0437	14.0702	16.8064	15.5163	
11.5073	8.7708	10.0435	14.0527	16.7892	15.5165	
11.5246	8.78796	10.0434	14.0354	16.772	15.5166	
11.5418	8.80506	10.0433	14.0182	16.7549	15.5167	
11.5589	8.82211	10.0432	14.0011	16.7379	15.5168	
11.5759	8.83911	10.0432	13.9841	16.7209	15.5168	
11.5928	8.85605	10.0433	13.9672	16.7039	15.5167	
11.6095	8.87294	10.0434	13.9505	16.6871	15.5166	
11.6262	8.88978	10.0436	13.9338	16.6702	15.5164	
11.6427	8.90657	10.0438	13.9173	16.6534	15.5162	
11.6592	8.9233	10.0441	13.9008	16.6367	15.5159	
11.6755	8.93998	10.0445	13.8845	16.62	15.5155	
11.6917	8.95661	10.0449	13.8683	16.6034	15.5151	
11.7078	8.97318	10.0453	13.8522	16.5868	15.5147	
11.7239	8.9897	10.0459	13.8361	16.5703	15.5141	
11.7398	9.00618	10.0464	13.8202	16.5538	15.5136	
11.7556	9.0226	10.047	13.8044	16.5374	15.513	
11.7713	9.03897	10.0477	13.7887	16.521	15.5123	
11.7869	9.05529	10.0484	13.7731	16.5047	15.5116	
11.8024	9.07156	10.0492	13.7576	16.4884	15.5108	
11.8178	9.08778	10.05	13.7422	16.4722	15.51	
11.8331	9.10395	10.0508	13.7269	16.456	15.5092	
11.8483	9.12007	10.0518	13.7117	16.4399	15.5082	
11.8634	9.13614	10.0527	13.6966	16.4239	15.5073	
11.8784	9.15216	10.0537	13.6816	16.4078	15.5063	
11.8933	9.16813	10.0548	13.6667	16.3919	15.5052	
11.9082	9.18406	10.0559	13.6518	16.3759	15.5041	
11.9229	9.19993	10.057	13.6371	16.3601	15.503	
11.9375	9.21576	10.0582	13.6225	16.3442	15.5018	
11.952	9.23153	10.0595	13.608	16.3285	15.5005	
11.9665	9.24726	10.0608	13.5935	16.3127	15.4992	
11.9808	9.26294	10.0621	13.5792	16.2971	15.4979	
11.9951	9.27858	10.0635	13.5649	16.2814	15.4965	
12.0093	9.29416	10.0649	13.5507	16.2658	15.4951	
12.0233	9.3097	10.0664	13.5367	16.2503	15.4936	
12.0373	9.32519	10.0679	13.5227	16.2348	15.4921	
12.0512	9.34063	10.0694	13.5088	16.2194	15.4906	
12.065	9.35603	10.071	13.495	16.204	15.489	
12.0787	9.37138	10.0727	13.4813	16.1886	15.4873	
12.0923	9.38668	10.0744	13.4677	16.1733	15.4856	
12.1059	9.40194	10.0761	13.4541	16.1581	15.4839	
12.1193	9.41715	10.0778	13.4407	16.1428	15.4822	
12.1327	9.43232	10.0797	13.4273	16.1277	15.4803	
12.1459	9.44743	10.0815	13.4141	16.1126	15.4785	
12.1591	9.46251	10.0834	13.4009	16.0975	15.4766	
12.1722	9.47753	10.0853	13.3878	16.0825	15.4747	
12.1852	9.49252	10.0873	13.3748	16.0675	15.4727	
12.1982	9.50745	10.0893	13.3618	16.0525	15.4707	
12.211	9.52234	10.0913	13.349	16.0377	15.4687	
12.2238	9.53719	10.0934	13.3362	16.0228	15.4666	
12.2365	9.55199	10.0955	13.3235	16.008	15.4645	
12.2491	9.56674	10.0977	13.3109	15.9933	15.4623	
12.2616	9.58146	10.0999	13.2984	15.9785	15.4601	
12.274	9.59612	10.1021	13.286	15.9639	15.4579	
12.2864	9.61074	10.1043	13.2736	15.9493	15.4557	
12.2987	9.62532	10.1066	13.2613	15.9347	15.4534	
12.3109	9.63986	10.109	13.2491	15.9201	15.451	
12.323	9.65435	10.1114	13.237	15.9057	15.4486	
12.335	9.66879	10.1138	13.225	15.8912	15.4462	
12.347	9.6832	10.1162	13.213	15.8768	15.4438	
12.3589	9.69755	10.1187	13.2011	15.8624	15.4413	
12.3707	9.71187	10.1212	13.1893	15.8481	15.4388	
12.3824	9.72614	10.1237	13.1776	15.8339	15.4363	
12.3941	9.74037	10.1263	13.1659	15.8196	15.4337	
12.4056	9.75456	10.1289	13.1544	15.8054	15.4311	
12.4171	9.7687	10.1316	13.1429	15.7913	15.4284	
12.4286	9.7828	10.1342	13.1314	15.7772	15.4258	
12.4399	9.79686	10.137	13.1201	15.7631	15.423	
12.4512	9.81087	10.1397	13.1088	15.7491	15.4203	
12.4624	9.82484	10.1425	13.0976	15.7352	15.4175	
12.4735	9.83877	10.1453	13.0865	15.7212	15.4147	
12.4846	9.85266	10.1481	13.0754	15.7073	15.4119	
12.4955	9.86651	10.151	13.0645	15.6935	15.409	
12.5064	9.88031	10.1539	13.0536	15.6797	15.4061	
12.5173	9.89407	10.1568	13.0427	15.6659	15.4032	
12.528	9.90779	10.1597	13.032	15.6522	15.4003	
12.5387	9.92147	10.1627	13.0213	15.6385	15.3973	
12.5494	9.93511	10.1657	13.0106	15.6249	15.3943	
12.5599	9.9487	10.1688	13.0001	15.6113	15.3912	
12.5704	9.96225	10.1719	12.9896	15.5977	15.3881	
12.5808	9.97577	10.175	12.9792	15.5842	15.385	
12.5911	9.98924	10.1781	12.9689	15.5708	15.3819	
12.6014	10.0027	10.1813	12.9586	15.5573	15.3787	
12.6116	10.0161	10.1844	12.9484	15.5439	15.3756	
12.6218	10.0294	10.1876	12.9382	15.5306	15.3724	
12.6318	10.0427	10.1909	12.9282	15.5173	15.3691	
12.6418	10.056	10.1942	12.9182	15.504	15.3658	
12.6518	10.0692	10.1974	12.9082	15.4908	15.3626	
12.6616	10.0824	10.2008	12.8984	15.4776	15.3592	
12.6714	10.0955	10.2041	12.8886	15.4645	15.3559	
12.6812	10.1086	10.2075	12.8788	15.4514	15.3525	
12.6908	10.1217	10.2109	12.8692	15.4383	15.3491	
12.7004	10.1347	10.2143	12.8596	15.4253	15.3457	
12.71	10.1477	10.2177	12.85	15.4123	15.3423	
12.7195	10.1607	10.2212	12.8405	15.3993	15.3388	
12.7289	10.1736	10.2247	12.8311	15.3864	15.3353	
12.7382	10.1864	10.2282	12.8218	15.3736	15.3318	
12.7475	10.1993	10.2318	12.8125	15.3607	15.3282	
12.7567	10.212	10.2353	12.8033	15.348	15.3247	
12.7659	10.2248	10.2389	12.7941	15.3352	15.3211	
12.775	10.2375	10.2425	12.785	15.3225	15.3175	
12.784	10.2502	10.2462	12.776	15.3098	15.3138	
12.793	10.2628	10.2498	12.767	15.2972	15.3102	
12.8019	10.2754	10.2535	12.7581	15.2846	15.3065	
12.8107	10.2879	10.2572	12.7493	15.2721	15.3028	
12.8195	10.3004	10.261	12.7405	15.2596	15.299	
12.8282	10.3129	10.2647	12.7318	15.2471	15.2953	
12.8369	10.3254	10.2685	12.7231	15.2346	15.2915	
12.8455	10.3378	10.2723	12.7145	15.2222	15.2877	
12.854	10.3501	10.2761	12.706	15.2099	15.2839	
12.8625	10.3624	10.2799	12.6975	15.1976	15.2801	
12.8709	10.3747	10.2838	12.6891	15.1853	15.2762	
12.8793	10.387	10.2876	12.6807	15.173	15.2724	
12.8876	10.3992	10.2915	12.6724	15.1608	15.2685	
12.8959	10.4113	10.2954	12.6641	15.1487	15.2646	
12.9041	10.4234	10.2994	12.6559	15.1366	15.2606	
12.9122	10.4355	10.3033	12.6478	15.1245	15.2567	
12.9203	10.4476	10.3073	12.6397	15.1124	15.2527	
12.9283	10.4596	10.3113	12.6317	15.1004	15.2487	
12.9363	10.4716	10.3153	12.6237	15.0884	15.2447	
12.9442	10.4835	10.3194	12.6158	15.0765	15.2406	
12.952	10.4954	10.3234	12.608	15.0646	15.2366	
12.9598	10.5073	10.3275	12.6002	15.0527	15.2325	
12.9676	10.5191	10.3316	12.5924	15.0409	15.2284	
12.9752	10.5309	10.3357	12.5848	15.0291	15.2243	
12.9829	10.5426	10.3398	12.5771	15.0174	15.2202	
12.9904	10.5544	10.3439	12.5696	15.0056	15.2161	
12.998	10.566	10.3481	12.562	14.994	15.2119	
13.0054	10.5777	10.3523	12.5546	14.9823	15.2077	
13.0128	10.5893	10.3564	12.5472	14.9707	15.2036	
13.0202	10.6008	10.3607	12.5398	14.9592	15.1993	
13.0275	10.6124	10.3649	12.5325	14.9476	15.1951	
13.0347	10.6239	10.3691	12.5253	14.9361	15.1909	
13.0419	10.6353	10.3734	12.5181	14.9247	15.1866	
13.0491	10.6467	10.3776	12.5109	14.9133	15.1824	
13.0562	10.6581	10.3819	12.5038	14.9019	15.1781	
13.0632	10.6695	10.3862	12.4968	14.8905	15.1738	
13.0702	10.6808	10.3906	12.4898	14.8792	15.1694	
13.0772	10.6921	10.3949	12.4828	14.8679	15.1651	
13.084	10.7033	10.3992	12.476	14.8567	15.1608	
13.0909	10.7145	10.4036	12.4691	14.8455	15.1564	
13.0977	10.7257	10.408	12.4623	14.8343	15.152	
13.1044	10.7368	10.4124	12.4556	14.8232	15.1476	
13.1111	10.7479	10.4168	12.4489	14.8121	15.1432	
13.1177	10.7589	10.4212	12.4423	14.8011	15.1388	
13.1243	10.77	10.4257	12.4357	14.79	15.1343	
13.1308	10.7809	10.4301	12.4292	14.7791	15.1299	
13.1373	10.7919	10.4346	12.4227	14.7681	15.1254	
13.1438	10.8028	10.4391	12.4162	14.7572	15.1209	
13.1501	10.8137	10.4435	12.4099	14.7463	15.1165	
13.1565	10.8245	10.448	12.4035	14.7355	15.112	
13.1628	10.8353	10.4526	12.3972	14.7247	15.1074	
13.169	10.8461	10.4571	12.391	14.7139	15.1029	
13.1752	10.8568	10.4616	12.3848	14.7032	15.0984	
13.1814	10.8675	10.4662	12.3786	14.6925	15.0938	
13.1875	10.8782	10.4708	12.3725	14.6818	15.0892	
13.1935	10.8888	10.4753	12.3665	14.6712	15.0847	
13.1995	10.8994	10.4799	12.3605	14.6606	15.0801	
13.2055	10.91	10.4845	12.3545	14.65	15.0755	
13.2114	10.9205	10.4892	12.3486	14.6395	15.0708	
13.2172	10.931	10.4938	12.3428	14.629	15.0662	
13.2231	10.9415	10.4984	12.3369	14.6185	15.0616	
13.2288	10.9519	10.5031	12.3312	14.6081	15.0569	
13.2346	10.9623	10.5077	12.3254	14.5977	15.0523	
13.2403	10.9726	10.5124	12.3197	14.5874	15.0476	
13.2459	10.983	10.5171	12.3141	14.577	15.0429	
13.2515	10.9932	10.5218	12.3085	14.5668	15.0382	
13.257	11.0035	10.5265	12.303	14.5565	15.0335	
13.2625	11.0137	10.5312	12.2975	14.5463	15.0288	
13.268	11.0239	10.5359	12.292	14.5361	15.0241	
13.2734	11.034	10.5406	12.2866	14.526	15.0194	
13.2788	11.0442	10.5454	12.2812	14.5158	15.0146	
13.2841	11.0542	10.5501	12.2759	14.5058	15.0099	
13.2894	11.0643	10.5549	12.2706	14.4957	15.0051	
13.2946	11.0743	10.5597	12.2654	14.4857	15.0003	
13.2998	11.0843	10.5644	12.2602	14.4757	14.9956	
13.305	11.0942	10.5692	12.255	14.4658	14.9908	
13.3101	11.1041	10.574	12.2499	14.4559	14.986	
13.3152	11.114	10.5788	12.2448	14.446	14.9812	
13.3202	11.1239	10.5837	12.2398	14.4361	14.9763	
13.3252	11.1337	10.5885	12.2348	14.4263	14.9715	
13.3301	11.1434	10.5933	12.2299	14.4166	14.9667	
13.335	11.1532	10.5981	12.225	14.4068	14.9619	
13.3399	11.1629	10.603	12.2201	14.3971	14.957	
13.3447	11.1726	10.6078	12.2153	14.3874	14.9522	
13.3495	11.1822	10.6127	12.2105	14.3778	14.9473	
13.3542	11.1918	10.6176	12.2058	14.3682	14.9424	
13.3589	11.2014	10.6225	12.2011	14.3586	14.9375	
13.3636	11.211	10.6273	12.1964	14.349	14.9327	
13.3682	11.2205	10.6322	12.1918	14.3395	14.9278	
13.3728	11.2299	10.6371	12.1872	14.3301	14.9229	
13.3773	11.2394	10.642	12.1827	14.3206	14.918	
13.3818	11.2488	10.647	12.1782	14.3112	14.913	
13.3863	11.2582	10.6519	12.1737	14.3018	14.9081	
13.3907	11.2675	10.6568	12.1693	14.2925	14.9032	
13.3951	11.2768	10.6617	12.1649	14.2832	14.8983	
13.3995	11.2861	10.6667	12.1605	14.2739	14.8933	
13.4038	11.2954	10.6716	12.1562	14.2646	14.8884	
13.408	11.3046	10.6766	12.152	14.2554	14.8834	
13.4123	11.3138	10.6815	12.1477	14.2462	14.8785	
13.4164	11.3229	10.6865	12.1436	14.2371	14.8735	
13.4206	11.3321	10.6915	12.1394	14.2279	14.8685	
13.4247	11.3412	10.6964	12.1353	14.2188	14.8636	
13.4288	11.3502	10.7014	12.1312	14.2098	14.8586	
13.4328	11.3592	10.7064	12.1272	14.2008	14.8536	
13.4368	11.3682	10.7114	12.1232	14.1918	14.8486	
13.4408	11.3772	10.7164	12.1192	14.1828	14.8436	
13.4447	11.3861	10.7214	12.1153	14.1739	14.8386	
13.4486	11.395	10.7264	12.1114	14.165	14.8336	
13.4525	11.4039	10.7314	12.1075	14.1561	14.8286	
13.4563	11.4127	10.7364	12.1037	14.1473	14.8236	
13.4601	11.4215	10.7414	12.0999	14.1385	14.8186	
13.4638	11.4303	10.7465	12.0962	14.1297	14.8135	
13.4676	11.4391	10.7515	12.0924	14.1209	14.8085	
13.4712	11.4478	10.7565	12.0888	14.1122	14.8035	
13.4749	11.4564	10.7616	12.0851	14.1036	14.7984	
13.4785	11.4651	10.7666	12.0815	14.0949	14.7934	
13.4821	11.4737	10.7717	12.0779	14.0863	14.7883	
13.4856	11.4823	10.7767	12.0744	14.0777	14.7833	
13.4891	11.4908	10.7817	12.0709	14.0692	14.7783	
13.4926	11.4994	10.7868	12.0674	14.0606	14.7732	
13.496	11.5079	10.7919	12.064	14.0521	14.7681	
13.4994	11.5163	10.7969	12.0606	14.0437	14.7631	
13.5028	11.5248	10.802	12.0572	14.0352	14.758	
13.5061	11.5332	10.8071	12.0539	14.0268	14.7529	
13.5094	11.5415	10.8121	12.0506	14.0185	14.7479	
13.5127	11.5499	10.8172	12.0473	14.0101	14.7428	
13.5159	11.5582	10.8223	12.0441	14.0018	14.7377	
13.5191	11.5665	10.8273	12.0409	13.9935	14.7327	
13.5223	11.5747	10.8324	12.0377	13.9853	14.7276	
13.5254	11.5829	10.8375	12.0346	13.9771	14.7225	
13.5285	11.5911	10.8426	12.0315	13.9689	14.7174	
13.5316	11.5993	10.8477	12.0284	13.9607	14.7123	
13.5346	11.6074	10.8528	12.0254	13.9526	14.7072	
13.5376	11.6155	10.8579	12.0224	13.9445	14.7021	
13.5406	11.6236	10.863	12.0194	13.9364	14.697	
13.5435	11.6316	10.8681	12.0165	13.9284	14.6919	
13.5465	11.6396	10.8731	12.0135	13.9204	14.6869	
13.5493	11.6476	10.8782	12.0107	13.9124	14.6818	
13.5522	11.6555	10.8833	12.0078	13.9045	14.6767	
13.555	11.6634	10.8884	12.005	13.8966	14.6716	
13.5578	11.6713	10.8936	12.0022	13.8887	14.6664	
13.5605	11.6792	10.8987	11.9995	13.8808	14.6613	
13.5633	11.687	10.9038	11.9967	13.873	14.6562	
13.566	11.6948	10.9089	11.994	13.8652	14.6511	
13.5686	11.7026	10.914	11.9914	13.8574	14.646	
13.5713	11.7103	10.9191	11.9887	13.8497	14.6409	
13.5739	11.718	10.9242	11.9861	13.842	14.6358	
13.5764	11.7257	10.9293	11.9836	13.8343	14.6307	
13.579	11.7334	10.9344	11.981	13.8266	14.6256	
13.5815	11.741	10.9395	11.9785	13.819	14.6205	
13.584	11.7486	10.9446	11.976	13.8114	14.6154	
13.5864	11.7562	10.9497	11.9736	13.8038	14.6103	
13.5889	11.7637	10.9548	11.9711	13.7963	14.6052	
13.5913	11.7712	10.96	11.9687	13.7888	14.6	
13.5936	11.7787	10.9651	11.9664	13.7813	14.5949	
13.596	11.7861	10.9702	11.964	13.7739	14.5898	
13.5983	11.7936	10.9753	11.9617	13.7664	14.5847	
13.6006	11.801	10.9804	11.9594	13.759	14.5796	
13.6028	11.8083	10.9855	11.9572	13.7517	14.5745	
13.605	11.8157	10.9906	11.955	13.7443	14.5694	
13.6072	11.823	10.9957	11.9528	13.737	14.5643	
13.6094	11.8302	11.0008	11.9506	13.7298	14.5592	
13.6116	11.8375	11.0059	11.9484	13.7225	14.5541	
13.6137	11.8447	11.0111	11.9463	13.7153	14.5489	
13.6158	11.8519	11.0162	11.9442	13.7081	14.5438	
13.6178	11.8591	11.0213	11.9422	13.7009	14.5387	
13.6199	11.8662	11.0264	11.9401	13.6938	14.5336	
13.6219	11.8733	11.0315	11.9381	13.6867	14.5285	
13.6238	11.8804	11.0366	11.9362	13.6796	14.5234	
13.6258	11.8875	11.0417	11.9342	13.6725	14.5183	
13.6277	11.8945	11.0468	11.9323	13.6655	14.5132	
13.6296	11.9015	11.0519	11.9304	13.6585	14.5081	
13.6315	11.9085	11.057	11.9285	13.6515	14.503	
13.6334	11.9154	11.0621	11.9266	13.6446	14.4979	
13.6352	11.9223	11.0672	11.9248	13.6377	14.4928	
13.637	11.9292	11.0722	11.923	13.6308	14.4878	
13.6387	11.9361	11.0773	11.9213	13.6239	14.4827	
13.6405	11.9429	11.0824	11.9195	13.6171	14.4776	
13.6422	11.9497	11.0875	11.9178	13.6103	14.4725	
13.6439	11.9565	11.0926	11.9161	13.6035	14.4674	
13.6456	11.9633	11.0977	11.9144	13.5967	14.4623	
13.6472	11.97	11.1028	11.9128	13.59	14.4572	
13.6488	11.9767	11.1078	11.9112	13.5833	14.4522	
13.6504	11.9833	11.1129	11.9096	13.5767	14.4471	
13.652	11.99	11.118	11.908	13.57	14.442	
13.6536	11.9966	11.1231	11.9064	13.5634	14.4369	
13.6551	12.0032	11.1281	11.9049	13.5568	14.4319	
13.6566	12.0098	11.1332	11.9034	13.5502	14.4268	
13.658	12.0163	11.1383	11.902	13.5437	14.4217	
13.6595	12.0228	11.1433	11.9005	13.5372	14.4167	
13.6609	12.0293	11.1484	11.8991	13.5307	14.4116	
13.6623	12.0358	11.1534	11.8977	13.5242	14.4066	
13.6637	12.0422	11.1585	11.8963	13.5178	14.4015	
13.6651	12.0486	11.1635	11.8949	13.5114	14.3965	
13.6664	12.055	11.1686	11.8936	13.505	14.3914	
13.6677	12.0613	11.1736	11.8923	13.4987	14.3864	
13.669	12.0676	11.1787	11.891	13.4924	14.3813	
13.6702	12.0739	11.1837	11.8898	13.4861	14.3763	
13.6715	12.0802	11.1887	11.8885	13.4798	14.3713	
13.6727	12.0865	11.1938	11.8873	13.4735	14.3662	
13.6739	12.0927	11.1988	11.8861	13.4673	14.3612	
13.6751	12.0989	11.2038	11.8849	13.4611	14.3562	
13.6762	12.105	11.2088	11.8838	13.455	14.3512	
13.6773	12.1112	11.2138	11.8827	13.4488	14.3462	
13.6785	12.1173	11.2189	11.8815	13.4427	14.3411	
13.6795	12.1234	11.2239	11.8805	13.4366	14.3361	
13.6806	12.1295	11.2289	11.8794	13.4305	14.3311	
13.6816	12.1355	11.2339	11.8784	13.4245	14.3261	
13.6827	12.1415	11.2389	11.8773	13.4185	14.3211	
13.6837	12.1475	11.2439	11.8763	13.4125	14.3161	
13.6846	12.1535	11.2488	11.8754	13.4065	14.3112	
13.6856	12.1594	11.2538	11.8744	13.4006	14.3062	
13.6865	12.1653	11.2588	11.8735	13.3947	14.3012	
13.6874	12.1712	11.2638	11.8726	13.3888	14.2962	
13.6883	12.1771	11.2688	11.8717	13.3829	14.2912	
13.6892	12.1829	11.2737	11.8708	13.3771	14.2863	
13.69	12.1887	11.2787	11.87	13.3713	14.2813	
13.6909	12.1945	11.2836	11.8691	13.3655	14.2764	
13.6917	12.2003	11.2886	11.8683	13.3597	14.2714	
13.6925	12.206	11.2936	11.8675	13.354	14.2664	
13.6932	12.2117	11.2985	11.8668	13.3483	14.2615	
13.694	12.2174	11.3034	11.866	13.3426	14.2566	
13.6947	12.2231	11.3084	11.8653	13.3369	14.2516	
13.6954	12.2287	11.3133	11.8646	13.3313	14.2467	
13.6961	12.2343	11.3182	11.8639	13.3257	14.2418	
13.6968	12.2399	11.3232	11.8632	13.3201	14.2368	
13.6974	12.2455	11.3281	11.8626	13.3145	14.2319	
13.6981	12.251	11.333	11.8619	13.309	14.227	
13.6987	12.2566	11.3379	11.8613	13.3034	14.2221	
13.6993	12.262	11.3428	11.8607	13.298	14.2172	
13.6998	12.2675	11.3477	11.8602	13.2925	14.2123	
13.7004	12.273	11.3526	11.8596	13.287	14.2074	
13.7009	12.2784	11.3575	11.8591	13.2816	14.2025	
13.7014	12.2838	11.3623	11.8586	13.2762	14.1977	
13.7019	12.2891	11.3672	11.8581	13.2709	14.1928	
13.7024	12.2945	11.3721	11.8576	13.2655	14.1879	
13.7029	12.2998	11.377	11.8571	13.2602	14.183	
13.7033	12.3051	11.3818	11.8567	13.2549	14.1782	
13.7037	12.3104	11.3867	11.8563	13.2496	14.1733	
13.7041	12.3157	11.3915	11.8559	13.2443	14.1685	
13.7045	12.3209	11.3964	11.8555	13.2391	14.1636	
13.7049	12.3261	11.4012	11.8551	13.2339	14.1588	
13.7053	12.3313	11.406	11.8547	13.2287	14.154	
13.7056	12.3364	11.4108	11.8544	13.2236	14.1492	
13.7059	12.3416	11.4157	11.8541	13.2184	14.1443	
13.7062	12.3467	11.4205	11.8538	13.2133	14.1395	
13.7065	12.3518	11.4253	11.8535	13.2082	14.1347	
13.7067	12.3568	11.4301	11.8533	13.2032	14.1299	
13.707	12.3619	11.4349	11.853	13.1981	14.1251	
13.7072	12.3669	11.4397	11.8528	13.1931	14.1203	
13.7074	12.3719	11.4445	11.8526	13.1881	14.1155	
13.7076	12.3769	11.4492	11.8524	13.1831	14.1108	
13.7078	12.3818	11.454	11.8522	13.1782	14.106	
13.708	12.3868	11.4588	11.852	13.1732	14.1012	
13.7081	12.3917	11.4635	11.8519	13.1683	14.0965	
13.7083	12.3965	11.4683	11.8517	13.1635	14.0917	
13.7084	12.4014	11.473	11.8516	13.1586	14.087	
13.7085	12.4062	11.4778	11.8515	13.1538	14.0822	
13.7086	12.4111	11.4825	11.8514	13.1489	14.0775	
13.7086	12.4159	11.4872	11.8514	13.1441	14.0728	
13.7087	12.4206	11.492	11.8513	13.1394	14.068	
13.7087	12.4254	11.4967	11.8513	13.1346	14.0633	
13.7087	12.4301	11.5014	11.8513	13.1299	14.0586	
13.7087	12.4348	11.5061	11.8513	13.1252	14.0539	
13.7087	12.4395	11.5108	11.8513	13.1205	14.0492	
13.7087	12.4441	11.5155	11.8513	13.1159	14.0445	
13.7086	12.4488	11.5201	11.8514	13.1112	14.0399	
13.7086	12.4534	11.5248	11.8514	13.1066	14.0352	
13.7085	12.458	11.5295	11.8515	13.102	14.0305	
13.7084	12.4626	11.5341	11.8516	13.0974	14.0259	
13.7083	12.4671	11.5388	11.8517	13.0929	14.0212	
13.7082	12.4716	11.5434	11.8518	13.0884	14.0166	
13.7081	12.4761	11.5481	11.8519	13.0839	14.0119	
13.7079	12.4806	11.5527	11.8521	13.0794	14.0073	
13.7077	12.4851	11.5573	11.8523	13.0749	14.0027	
13.7076	12.4895	11.562	11.8524	13.0705	13.998	
13.7074	12.4939	11.5666	11.8526	13.0661	13.9934	
13.7072	12.4983	11.5712	11.8528	13.0617	13.9888	
13.7069	12.5027	11.5758	11.8531	13.0573	13.9842	
13.7067	12.5071	11.5804	11.8533	13.0529	13.9796	
13.7065	12.5114	11.585	11.8535	13.0486	13.975	
13.7062	12.5157	11.5895	11.8538	13.0443	13.9705	
13.7059	12.52	11.5941	11.8541	13.04	13.9659	
13.7056	12.5243	11.5987	11.8544	13.0357	13.9613	
13.7053	12.5285	11.6032	11.8547	13.0315	13.9568	
13.705	12.5328	11.6078	11.855	13.0272	13.9522	
13.7047	12.537	11.6123	11.8553	13.023	13.9477	
13.7043	12.5412	11.6168	11.8557	13.0188	13.9432	
13.704	12.5453	11.6214	11.856	13.0147	13.9386	
13.7036	12.5495	11.6259	11.8564	13.0105	13.9341	
13.7032	12.5536	11.6304	11.8568	13.0064	13.9296	
13.7028	12.5577	11.6349	11.8572	13.0023	13.9251	
13.7024	12.5618	11.6394	11.8576	12.9982	13.9206	
13.702	12.5659	11.6439	11.858	12.9941	13.9161	
13.7015	12.5699	11.6484	11.8585	12.9901	13.9116	
13.7011	12.5739	11.6528	11.8589	12.9861	13.9072	
13.7006	12.5779	11.6573	11.8594	12.9821	13.9027	
13.7002	12.5819	11.6618	11.8598	12.9781	13.8982	
13.6997	12.5859	11.6662	11.8603	12.9741	13.8938	
13.6992	12.5898	11.6706	11.8608	12.9702	13.8894	
13.6987	12.5937	11.6751	11.8613	12.9663	13.8849	
13.6981	12.5976	11.6795	11.8619	12.9624	13.8805	
13.6976	12.6015	11.6839	11.8624	12.9585	13.8761	
13.697	12.6054	11.6883	11.863	12.9546	13.8717	
13.6965	12.6092	11.6927	11.8635	12.9508	13.8673	
13.6959	12.613	11.6971	11.8641	12.947	13.8629	
13.6953	12.6168	11.7015	11.8647	12.9432	13.8585	
13.6947	12.6206	11.7059	11.8653	12.9394	13.8541	
13.6941	12.6244	11.7103	11.8659	12.9356	13.8497	
13.6935	12.6281	11.7146	11.8665	12.9319	13.8454	
13.6929	12.6319	11.719	11.8671	12.9281	13.841	
13.6922	12.6356	11.7233	11.8678	12.9244	13.8367	
13.6916	12.6392	11.7277	11.8684	12.9208	13.8323	
13.6909	12.6429	11.732	11.8691	12.9171	13.828	
13.6902	12.6466	11.7363	11.8698	12.9134	13.8237	
13.6895	12.6502	11.7406	11.8705	12.9098	13.8194	
13.6888	12.6538	11.7449	11.8712	12.9062	13.8151	
13.6881	12.6574	11.7492	11.8719	12.9026	13.8108	
13.6874	12.661	11.7535	11.8726	12.899	13.8065	
13.6867	12.6645	11.7578	11.8733	12.8955	13.8022	
13.6859	12.668	11.7621	11.8741	12.892	13.7979	
13.6852	12.6716	11.7664	11.8748	12.8884	13.7936	
13.6844	12.675	11.7706	11.8756	12.885	13.7894	
13.6837	12.6785	11.7749	11.8763	12.8815	13.7851	
13.6829	12.682	11.7791	11.8771	12.878	13.7809	
13.6821	12.6854	11.7833	11.8779	12.8746	13.7767	
13.6813	12.6888	11.7876	11.8787	12.8712	13.7724	
13.6805	12.6922	11.7918	11.8795	12.8678	13.7682	
13.6796	12.6956	11.796	11.8804	12.8644	13.764	
13.6788	12.699	11.8002	11.8812	12.861	13.7598	
13.678	12.7023	11.8044	11.882	12.8577	13.7556	
13.6771	12.7057	11.8086	11.8829	12.8543	13.7514	
13.6762	12.709	11.8127	11.8838	12.851	13.7473	
13.6754	12.7123	11.8169	11.8846	12.8477	13.7431	
13.6745	12.7155	11.821	11.8855	12.8445	13.739	
13.6736	12.7188	11.8252	11.8864	12.8412	13.7348	
13.6727	12.722	11.8293	11.8873	12.838	13.7307	
13.6718	12.7252	11.8335	11.8882	12.8348	13.7265	
13.6709	12.7284	11.8376	11.8891	12.8316	13.7224	
13.6699	12.7316	11.8417	11.8901	12.8284	13.7183	
13.669	12.7348	11.8458	11.891	12.8252	13.7142	
13.668	12.7379	11.8499	11.892	12.8221	13.7101	
13.6671	12.7411	11.854	11.8929	12.8189	13.706	
13.6661	12.7442	11.8581	11.8939	12.8158	13.7019	
13.6651	12.7473	11.8621	11.8949	12.8127	13.6979	
13.6642	12.7503	11.8662	11.8958	12.8097	13.6938	
13.6632	12.7534	11.8702	11.8968	12.8066	13.6898	
13.6622	12.7564	11.8743	11.8978	12.8036	13.6857	
13.6611	12.7595	11.8783	11.8989	12.8005	13.6817	
13.6601	12.7625	11.8824	11.8999	12.7975	13.6776	
13.6591	12.7655	11.8864	11.9009	12.7945	13.6736	
13.6581	12.7684	11.8904	11.9019	12.7916	13.6696	
13.657	12.7714	11.8944	11.903	12.7886	13.6656	
13.656	12.7743	11.8984	11.904	12.7857	13.6616	
13.6549	12.7773	11.9024	11.9051	12.7827	13.6576	
13.6538	12.7802	11.9063	11.9062	12.7798	13.6537	
13.6528	12.783	11.9103	11.9072	12.777	13.6497	
13.6517	12.7859	11.9143	11.9083	12.7741	13.6457	
13.6506	12.7888	11.9182	11.9094	12.7712	13.6418	
13.6495	12.7916	11.9221	11.9105	12.7684	13.6379	
13.6484	12.7944	11.9261	11.9116	12.7656	13.6339	
13.6472	12.7972	11.93	11.9128	12.7628	13.63	
13.6461	12.8	11.9339	11.9139	12.76	13.6261	
13.645	12.8028	11.9378	11.915	12.7572	13.6222	
13.6438	12.8055	11.9417	11.9162	12.7545	13.6183	
13.6427	12.8083	11.9456	11.9173	12.7517	13.6144	
13.6415	12.811	11.9495	11.9185	12.749	13.6105	
13.6404	12.8137	11.9533	11.9196	12.7463	13.6067	
13.6392	12.8164	11.9572	11.9208	12.7436	13.6028	
13.638	12.8191	11.961	11.922	12.7409	13.599	
13.6368	12.8217	11.9649	11.9232	12.7383	13.5951	
13.6357	12.8244	11.9687	11.9243	12.7356	13.5913	
13.6345	12.827	11.9725	11.9255	12.733	13.5875	
13.6332	12.8296	11.9763	11.9268	12.7304	13.5837	
13.632	12.8322	11.9801	11.928	12.7278	13.5799	
13.6308	12.8348	11.9839	11.9292	12.7252	13.5761	
13.6296	12.8373	11.9877	11.9304	12.7227	13.5723	
13.6284	12.8399	11.9915	11.9316	12.7201	13.5685	
13.6271	12.8424	11.9953	11.9329	12.7176	13.5647	
13.6259	12.8449	11.999	11.9341	12.7151	13.561	
13.6246	12.8474	12.0028	11.9354	12.7126	13.5572	
13.6234	12.8499	12.0065	11.9366	12.7101	13.5535	
13.6221	12.8523	12.0102	11.9379	12.7077	13.5498	
13.6208	12.8548	12.014	11.9392	12.7052	13.546	
13.6195	12.8572	12.0177	11.9405	12.7028	13.5423	
13.6183	12.8596	12.0214	11.9417	12.7004	13.5386	
13.617	12.862	12.0251	11.943	12.698	13.5349	
13.6157	12.8644	12.0288	11.9443	12.6956	13.5312	
13.6144	12.8668	12.0324	11.9456	12.6932	13.5276	
13.613	12.8692	12.0361	11.947	12.6908	13.5239	
13.6117	12.8715	12.0398	11.9483	12.6885	13.5202	
13.6104	12.8738	12.0434	11.9496	12.6862	13.5166	
13.6091	12.8761	12.0471	11.9509	12.6839	13.5129	
13.6077	12.8784	12.0507	11.9523	12.6816	13.5093	
13.6064	12.8807	12.0543	11.9536	12.6793	13.5057	
13.6051	12.883	12.0579	11.9549	12.677	13.5021	
13.6037	12.8852	12.0615	11.9563	12.6748	13.4985	
13.6024	12.8875	12.0651	11.9576	12.6725	13.4949	
13.601	12.8897	12.0687	11.959	12.6703	13.4913	
13.5996	12.8919	12.0723	11.9604	12.6681	13.4877	
13.5983	12.8941	12.0759	11.9617	12.6659	13.4841	
13.5969	12.8963	12.0794	11.9631	12.6637	13.4806	
13.5955	12.8984	12.083	11.9645	12.6616	13.477	
13.5941	12.9006	12.0865	11.9659	12.6594	13.4735	
13.5927	12.9027	12.09	11.9673	12.6573	13.47	
13.5913	12.9049	12.0936	11.9687	12.6551	13.4664	
13.5899	12.907	12.0971	11.9701	12.653	13.4629	
13.5885	12.9091	12.1006	11.9715	12.6509	13.4594	
13.5871	12.9111	12.1041	11.9729	12.6489	13.4559	
13.5857	12.9132	12.1075	11.9743	12.6468	13.4525	
13.5842	12.9153	12.111	11.9758	12.6447	13.449	
13.5828	12.9173	12.1145	11.9772	12.6427	13.4455	
13.5814	12.9193	12.1179	11.9786	12.6407	13.4421	
13.5799	12.9213	12.1214	11.9801	12.6387	13.4386	
13.5785	12.9233	12.1248	11.9815	12.6367	13.4352	
13.577	12.9253	12.1283	11.983	12.6347	13.4317	
13.5756	12.9273	12.1317	11.9844	12.6327	13.4283	
13.5741	12.9292	12.1351	11.9859	12.6308	13.4249	
13.5727	12.9311	12.1385	11.9873	12.6289	13.4215	
13.5712	12.9331	12.1419	11.9888	12.6269	13.4181	
13.5697	12.935	12.1453	11.9903	12.625	13.4147	
13.5683	12.9369	12.1486	11.9917	12.6231	13.4114	
13.5668	12.9388	12.152	11.9932	12.6212	13.408	
13.5653	12.9406	12.1554	11.9947	12.6194	13.4046	
13.5638	12.9425	12.1587	11.9962	12.6175	13.4013	
13.5623	12.9443	12.162	11.9977	12.6157	13.398	
13.5608	12.9462	12.1654	11.9992	12.6138	13.3946	
13.5593	12.948	12.1687	12.0007	12.612	13.3913	
13.5578	12.9498	12.172	12.0022	12.6102	13.388	
13.5563	12.9516	12.1753	12.0037	12.6084	13.3847	
13.5548	12.9534	12.1786	12.0052	12.6066	13.3814	
13.5533	12.9551	12.1819	12.0067	12.6049	13.3781	
13.5518	12.9569	12.1851	12.0082	12.6031	13.3749	
13.5502	12.9586	12.1884	12.0098	12.6014	13.3716	
13.5487	12.9603	12.1916	12.0113	12.5997	13.3684	
13.5472	12.9621	12.1949	12.0128	12.5979	13.3651	
13.5456	12.9638	12.1981	12.0144	12.5962	13.3619	
13.5441	12.9654	12.2014	12.0159	12.5946	13.3586	
13.5426	12.9671	12.2046	12.0174	12.5929	13.3554	
13.541	12.9688	12.2078	12.019	12.5912	13.3522	
13.5395	12.9704	12.211	12.0205	12.5896	13.349	
13.5379	12.9721	12.2142	12.0221	12.5879	13.3458	
13.5364	12.9737	12.2173	12.0236	12.5863	13.3427	
13.5348	12.9753	12.2205	12.0252	12.5847	13.3395	
13.5332	12.9769	12.2237	12.0268	12.5831	13.3363	
13.5317	12.9785	12.2268	12.0283	12.5815	13.3332	
13.5301	12.9801	12.23	12.0299	12.5799	13.33	
13.5285	12.9816	12.2331	12.0315	12.5784	13.3269	
13.527	12.9832	12.2362	12.033	12.5768	13.3238	
13.5254	12.9847	12.2393	12.0346	12.5753	13.3207	
13.5238	12.9862	12.2424	12.0362	12.5738	13.3176	
13.5222	12.9878	12.2455	12.0378	12.5722	13.3145	
13.5206	12.9893	12.2486	12.0394	12.5707	13.3114	
13.519	12.9907	12.2517	12.041	12.5693	13.3083	
13.5174	12.9922	12.2548	12.0426	12.5678	13.3052	
13.5158	12.9937	12.2578	12.0442	12.5663	13.3022	
13.5143	12.9951	12.2609	12.0457	12.5649	13.2991	
13.5127	12.9966	12.2639	12.0473	12.5634	13.2961	
13.511	12.998	12.267	12.049	12.562	13.293	
13.5094	12.9994	12.27	12.0506	12.5606	13.29	
13.5078	13.0008	12.273	12.0522	12.5592	13.287	
13.5062	13.0022	12.276	12.0538	12.5578	13.284	
13.5046	13.0036	12.279	12.0554	12.5564	13.281	
13.503	13.005	12.282	12.057	12.555	13.278	
13.5014	13.0063	12.285	12.0586	12.5537	13.275	
13.4998	13.0077	12.2879	12.0602	12.5523	13.2721	
13.4981	13.009	12.2909	12.0619	12.551	13.2691	
13.4965	13.0104	12.2938	12.0635	12.5496	13.2662	
13.4949	13.0117	12.2968	12.0651	12.5483	13.2632	
13.4933	13.013	12.2997	12.0667	12.547	13.2603	
13.4916	13.0143	12.3026	12.0684	12.5457	13.2574	
13.49	13.0155	12.3056	12.07	12.5445	13.2544	
13.4884	13.0168	12.3085	12.0716	12.5432	13.2515	
13.4867	13.0181	12.3114	12.0733	12.5419	13.2486	
13.4851	13.0193	12.3142	12.0749	12.5407	13.2458	
13.4834	13.0206	12.3171	12.0766	12.5394	13.2429	
13.4818	13.0218	12.32	12.0782	12.5382	13.24	
13.4801	13.023	12.3229	12.0799	12.537	13.2371	
13.4785	13.0242	12.3257	12.0815	12.5358	13.2343	
13.4768	13.0254	12.3285	12.0832	12.5346	13.2315	
13.4752	13.0266	12.3314	12.0848	12.5334	13.2286	
13.4735	13.0277	12.3342	12.0865	12.5323	13.2258	
13.4719	13.0289	12.337	12.0881	12.5311	13.223	
13.4702	13.03	12.3398	12.0898	12.53	13.2202	
13.4686	13.0312	12.3426	12.0914	12.5288	13.2174	
13.4669	13.0323	12.3454	12.0931	12.5277	13.2146	
13.4653	13.0334	12.3482	12.0947	12.5266	13.2118	
13.4636	13.0345	12.351	12.0964	12.5255	13.209	
13.4619	13.0356	12.3537	12.0981	12.5244	13.2063	
13.4603	13.0367	12.3565	12.0997	12.5233	13.2035	
13.4586	13.0378	12.3592	12.1014	12.5222	13.2008	
13.4569	13.0389	12.3619	12.1031	12.5211	13.1981	
13.4553	13.0399	12.3647	12.1047	12.5201	13.1953	
13.4536	13.041	12.3674	12.1064	12.519	13.1926	
13.4519	13.042	12.3701	12.1081	12.518	13.1899	
13.4502	13.043	12.3728	12.1098	12.517	13.1872	
13.4486	13.044	12.3755	12.1114	12.516	13.1845	
13.4469	13.045	12.3782	12.1131	12.515	13.1818	
13.4452	13.046	12.3808	12.1148	12.514	13.1792	
13.4435	13.047	12.3835	12.1165	12.513	13.1765	
13.4419	13.048	12.3861	12.1181	12.512	13.1739	
13.4402	13.049	12.3888	12.1198	12.511	13.1712	
13.4385	13.0499	12.3914	12.1215	12.5101	13.1686	
13.4368	13.0509	12.394	12.1232	12.5091	13.166	
13.4351	13.0518	12.3967	12.1249	12.5082	13.1633	
13.4334	13.0527	12.3993	12.1266	12.5073	13.1607	
13.4318	13.0536	12.4019	12.1282	12.5064	13.1581	
13.4301	13.0545	12.4045	12.1299	12.5055	13.1555	
13.4284	13.0554	12.407	12.1316	12.5046	13.153	
13.4267	13.0563	12.4096	12.1333	12.5037	13.1504	
13.425	13.0572	12.4122	12.135	12.5028	13.1478	
13.4233	13.0581	12.4147	12.1367	12.5019	13.1453	
13.4216	13.0589	12.4173	12.1384	12.5011	13.1427	
13.4199	13.0598	12.4198	12.1401	12.5002	13.1402	
13.4182	13.0606	12.4224	12.1418	12.4994	13.1376	
13.4166	13.0614	12.4249	12.1434	12.4986	13.1351	
13.4149	13.0623	12.4274	12.1451	12.4977	13.1326	
13.4132	13.0631	12.4299	12.1468	12.4969	13.1301	
13.4115	13.0639	12.4324	12.1485	12.4961	13.1276	
13.4098	13.0647	12.4349	12.1502	12.4953	13.1251	
13.4081	13.0654	12.4374	12.1519	12.4946	13.1226	
13.4064	13.0662	12.4398	12.1536	12.4938	13.1202	
13.4047	13.067	12.4423	12.1553	12.493	13.1177	
13.403	13.0677	12.4447	12.157	12.4923	13.1153	
13.4013	13.0685	12.4472	12.1587	12.4915	13.1128	
13.3996	13.0692	12.4496	12.1604	12.4908	13.1104	
13.3979	13.07	12.452	12.1621	12.49	13.108	
13.3962	13.0707	12.4545	12.1638	12.4893	13.1055	
13.3945	13.0714	12.4569	12.1655	12.4886	13.1031	
13.3928	13.0721	12.4593	12.1672	12.4879	13.1007	
13.3911	13.0728	12.4617	12.1689	12.4872	13.0983	
13.3894	13.0735	12.464	12.1706	12.4865	13.096	
13.3877	13.0742	12.4664	12.1723	12.4858	13.0936	
13.386	13.0748	12.4688	12.174	12.4852	13.0912	
13.3843	13.0755	12.4711	12.1757	12.4845	13.0889	
13.3826	13.0761	12.4735	12.1774	12.4839	13.0865	
13.381	13.0768	12.4758	12.179	12.4832	13.0842	
13.3793	13.0774	12.4782	12.1807	12.4826	13.0818	
13.3776	13.078	12.4805	12.1824	12.482	13.0795	
13.3759	13.0787	12.4828	12.1841	12.4813	13.0772	
13.3742	13.0793	12.4851	12.1858	12.4807	13.0749	
13.3725	13.0799	12.4874	12.1875	12.4801	13.0726	
13.3708	13.0805	12.4897	12.1892	12.4795	13.0703	
13.3691	13.0811	12.492	12.1909	12.4789	13.068	
13.3674	13.0816	12.4943	12.1926	12.4784	13.0657	
13.3657	13.0822	12.4965	12.1943	12.4778	13.0635	
13.364	13.0828	12.4988	12.196	12.4772	13.0612	
13.3623	13.0833	12.501	12.1977	12.4767	13.059	
13.3606	13.0839	12.5033	12.1994	12.4761	13.0567	
13.3589	13.0844	12.5055	12.2011	12.4756	13.0545	
13.3572	13.0849	12.5077	12.2028	12.4751	13.0523	
13.3555	13.0854	12.5099	12.2045	12.4746	13.0501	
13.3538	13.086	12.5121	12.2062	12.474	13.0479	
13.3521	13.0865	12.5143	12.2079	12.4735	13.0457	
13.3504	13.087	12.5165	12.2096	12.473	13.0435	
13.3487	13.0874	12.5187	12.2113	12.4726	13.0413	
13.3471	13.0879	12.5209	12.2129	12.4721	13.0391	
13.3454	13.0884	12.523	12.2146	12.4716	13.037	
13.3437	13.0889	12.5252	12.2163	12.4711	13.0348	
13.342	13.0893	12.5273	12.218	12.4707	13.0327	
13.3403	13.0898	12.5295	12.2197	12.4702	13.0305	
13.3386	13.0902	12.5316	12.2214	12.4698	13.0284	
13.3369	13.0907	12.5337	12.2231	12.4693	13.0263	
13.3352	13.0911	12.5359	12.2248	12.4689	13.0241	
13.3335	13.0915	12.538	12.2265	12.4685	13.022	
13.3319	13.0919	12.5401	12.2281	12.4681	13.0199	
13.3302	13.0923	12.5422	12.2298	12.4677	13.0178	
13.3285	13.0927	12.5442	12.2315	12.4673	13.0158	
13.3268	13.0931	12.5463	12.2332	12.4669	13.0137	
13.3251	13.0935	12.5484	12.2349	12.4665	13.0116	
13.3234	13.0939	12.5504	12.2366	12.4661	13.0096	
13.3218	13.0943	12.5525	12.2382	12.4657	13.0075	
13.3201	13.0946	12.5545	12.2399	12.4654	13.0055	
13.3184	13.095	12.5566	12.2416	12.465	13.0034	
13.3167	13.0953	12.5586	12.2433	12.4647	13.0014	
13.3151	13.0957	12.5606	12.2449	12.4643	12.9994	
13.3134	13.096	12.5626	12.2466	12.464	12.9974	
13.3117	13.0963	12.5646	12.2483	12.4637	12.9954	
13.31	13.0966	12.5666	12.25	12.4634	12.9934	
13.3084	13.097	12.5686	12.2516	12.463	12.9914	
13.3067	13.0973	12.5706	12.2533	12.4627	12.9894	
13.305	13.0976	12.5725	12.255	12.4624	12.9875	
13.3034	13.0979	12.5745	12.2566	12.4621	12.9855	
13.3017	13.0981	12.5765	12.2583	12.4619	12.9835	
13.3	13.0984	12.5784	12.26	12.4616	12.9816	
13.2984	13.0987	12.5804	12.2616	12.4613	12.9796	
13.2967	13.099	12.5823	12.2633	12.461	12.9777	
13.295	13.0992	12.5842	12.265	12.4608	12.9758	
13.2934	13.0995	12.5861	12.2666	12.4605	12.9739	
13.2917	13.0997	12.588	12.2683	12.4603	12.972	
13.29	13.1	12.5899	12.27	12.46	12.9701	
13.2884	13.1002	12.5918	12.2716	12.4598	12.9682	
13.2867	13.1004	12.5937	12.2733	12.4596	12.9663	
13.2851	13.1007	12.5956	12.2749	12.4593	12.9644	
13.2834	13.1009	12.5975	12.2766	12.4591	12.9625	
13.2818	13.1011	12.5993	12.2782	12.4589	12.9607	
13.2801	13.1013	12.6012	12.2799	12.4587	12.9588	
13.2785	13.1015	12.603	12.2815	12.4585	12.957	
13.2768	13.1017	12.6048	12.2832	12.4583	12.9552	
13.2752	13.1018	12.6067	12.2848	12.4582	12.9533	
13.2735	13.102	12.6085	12.2865	12.458	12.9515	
13.2719	13.1022	12.6103	12.2881	12.4578	12.9497	
13.2702	13.1024	12.6121	12.2898	12.4576	12.9479	
13.2686	13.1025	12.6139	12.2914	12.4575	12.9461	
13.267	13.1027	12.6157	12.293	12.4573	12.9443	
13.2653	13.1028	12.6175	12.2947	12.4572	12.9425	
13.2637	13.103	12.6193	12.2963	12.457	12.9407	
13.262	13.1031	12.621	12.298	12.4569	12.939	
13.2604	13.1032	12.6228	12.2996	12.4568	12.9372	
13.2588	13.1033	12.6246	12.3012	12.4567	12.9354	
13.2571	13.1035	12.6263	12.3029	12.4565	12.9337	
13.2555	13.1036	12.6281	12.3045	12.4564	12.9319	
13.2539	13.1037	12.6298	12.3061	12.4563	12.9302	
13.2523	13.1038	12.6315	12.3077	12.4562	12.9285	
13.2506	13.1039	12.6332	12.3094	12.4561	12.9268	
13.249	13.104	12.6349	12.311	12.456	12.9251	
13.2474	13.104	12.6366	12.3126	12.456	12.9234	
13.2458	13.1041	12.6383	12.3142	12.4559	12.9217	
13.2442	13.1042	12.64	12.3158	12.4558	12.92	
13.2426	13.1043	12.6417	12.3174	12.4557	12.9183	
13.2409	13.1043	12.6434	12.3191	12.4557	12.9166	
13.2393	13.1044	12.645	12.3207	12.4556	12.915	
13.2377	13.1044	12.6467	12.3223	12.4556	12.9133	
13.2361	13.1045	12.6484	12.3239	12.4555	12.9116	
13.2345	13.1045	12.65	12.3255	12.4555	12.91	
13.2329	13.1045	12.6516	12.3271	12.4555	12.9084	
13.2313	13.1046	12.6533	12.3287	12.4554	12.9067	
13.2297	13.1046	12.6549	12.3303	12.4554	12.9051	
13.2281	13.1046	12.6565	12.3319	12.4554	12.9035	
13.2265	13.1046	12.6581	12.3335	12.4554	12.9019	
13.2249	13.1046	12.6597	12.3351	12.4554	12.9003	
13.2233	13.1046	12.6613	12.3367	12.4554	12.8987	
13.2217	13.1046	12.6629	12.3383	12.4554	12.8971	
13.2201	13.1046	12.6645	12.3399	12.4554	12.8955	
13.2186	13.1046	12.666	12.3414	12.4554	12.894	
13.217	13.1046	12.6676	12.343	12.4554	12.8924	
13.2154	13.1045	12.6692	12.3446	12.4555	12.8908	
13.2138	13.1045	12.6707	12.3462	12.4555	12.8893	
13.2122	13.1045	12.6723	12.3478	12.4555	12.8877	
13.2107	13.1044	12.6738	12.3493	12.4556	12.8862	
13.2091	13.1044	12.6753	12.3509	12.4556	12.8847	
13.2075	13.1044	12.6768	12.3525	12.4556	12.8832	
13.2059	13.1043	12.6784	12.3541	12.4557	12.8816	
13.2044	13.1042	12.6799	12.3556	12.4558	12.8801	
13.2028	13.1042	12.6814	12.3572	12.4558	12.8786	
13.2012	13.1041	12.6829	12.3588	12.4559	12.8771	
13.1997	13.104	12.6843	12.3603	12.456	12.8757	
13.1981	13.104	12.6858	12.3619	12.456	12.8742	
13.1966	13.1039	12.6873	12.3634	12.4561	12.8727	
13.195	13.1038	12.6888	12.365	12.4562	12.8712	
13.1935	13.1037	12.6902	12.3665	12.4563	12.8698	
13.1919	13.1036	12.6917	12.3681	12.4564	12.8683	
13.1904	13.1035	12.6931	12.3696	12.4565	12.8669	
13.1888	13.1034	12.6946	12.3712	12.4566	12.8654	
13.1873	13.1033	12.696	12.3727	12.4567	12.864	
13.1857	13.1032	12.6974	12.3743	12.4568	12.8626	
13.1842	13.103	12.6988	12.3758	12.457	12.8612	
13.1827	13.1029	12.7003	12.3773	12.4571	12.8597	
13.1811	13.1028	12.7017	12.3789	12.4572	12.8583	
13.1796	13.1027	12.7031	12.3804	12.4573	12.8569	
13.1781	13.1025	12.7045	12.3819	12.4575	12.8555	
13.1765	13.1024	12.7058	12.3835	12.4576	12.8542	
13.175	13.1022	12.7072	12.385	12.4578	12.8528	
13.1735	13.1021	12.7086	12.3865	12.4579	12.8514	
13.172	13.1019	12.71	12.388	12.4581	12.85	
13.1705	13.1018	12.7113	12.3895	12.4582	12.8487	
13.1689	13.1016	12.7127	12.3911	12.4584	12.8473	
13.1674	13.1014	12.714	12.3926	12.4586	12.846	
13.1659	13.1013	12.7154	12.3941	12.4587	12.8446	
13.1644	13.1011	12.7167	12.3956	12.4589	12.8433	
13.1629	13.1009	12.718	12.3971	12.4591	12.842	
13.1614	13.1007	12.7193	12.3986	12.4593	12.8407	
13.1599	13.1005	12.7206	12.4001	12.4595	12.8394	
13.1584	13.1003	12.7219	12.4016	12.4597	12.8381	
13.1569	13.1002	12.7232	12.4031	12.4598	12.8368	
13.1554	13.1	12.7245	12.4046	12.46	12.8355	
13.1539	13.0997	12.7258	12.4061	12.4603	12.8342	
13.1524	13.0995	12.7271	12.4076	12.4605	12.8329	
13.1509	13.0993	12.7284	12.4091	12.4607	12.8316	
13.1495	13.0991	12.7297	12.4105	12.4609	12.8303	
13.148	13.0989	12.7309	12.412	12.4611	12.8291	
13.1465	13.0987	12.7322	12.4135	12.4613	12.8278	
13.145	13.0984	12.7334	12.415	12.4616	12.8266	
13.1436	13.0982	12.7347	12.4164	12.4618	12.8253	
13.1421	13.098	12.7359	12.4179	12.462	12.8241	
13.1406	13.0977	12.7371	12.4194	12.4623	12.8229	
13.1392	13.0975	12.7383	12.4208	12.4625	12.8217	
13.1377	13.0973	12.7396	12.4223	12.4627	12.8204	
13.1362	13.097	12.7408	12.4238	12.463	12.8192	
13.1348	13.0968	12.742	12.4252	12.4632	12.818	
13.1333	13.0965	12.7432	12.4267	12.4635	12.8168	
13.1319	13.0962	12.7444	12.4281	12.4638	12.8156	
13.1304	13.096	12.7456	12.4296	12.464	12.8144	
13.129	13.0957	12.7467	12.431	12.4643	12.8133	
13.1275	13.0954	12.7479	12.4325	12.4646	12.8121	
13.1261	13.0952	12.7491	12.4339	12.4648	12.8109	
13.1246	13.0949	12.7502	12.4354	12.4651	12.8098	
13.1232	13.0946	12.7514	12.4368	12.4654	12.8086	
13.1218	13.0943	12.7525	12.4382	12.4657	12.8075	
13.1203	13.094	12.7537	12.4397	12.466	12.8063	
13.1189	13.0937	12.7548	12.4411	12.4663	12.8052	
13.1175	13.0934	12.756	12.4425	12.4666	12.804	
13.1161	13.0931	12.7571	12.4439	12.4669	12.8029	
13.1146	13.0928	12.7582	12.4454	12.4672	12.8018	
13.1132	13.0925	12.7593	12.4468	12.4675	12.8007	
13.1118	13.0922	12.7604	12.4482	12.4678	12.7996	
13.1104	13.0919	12.7615	12.4496	12.4681	12.7985	
13.109	13.0916	12.7626	12.451	12.4684	12.7974	
13.1076	13.0913	12.7637	12.4524	12.4687	12.7963	
13.1062	13.091	12.7648	12.4538	12.469	12.7952	
13.1048	13.0906	12.7659	12.4552	12.4694	12.7941	
13.1034	13.0903	12.7669	12.4566	12.4697	12.7931	
13.102	13.09	12.768	12.458	12.47	12.792	
13.1006	13.0897	12.7691	12.4594	12.4703	12.7909	
13.0992	13.0893	12.7701	12.4608	12.4707	12.7899	
13.0978	13.089	12.7712	12.4622	12.471	12.7888	
13.0964	13.0886	12.7722	12.4636	12.4714	12.7878	
13.0951	13.0883	12.7732	12.4649	12.4717	12.7868	
13.0937	13.088	12.7743	12.4663	12.472	12.7857	
13.0923	13.0876	12.7753	12.4677	12.4724	12.7847	
13.0909	13.0872	12.7763	12.4691	12.4728	12.7837	
13.0896	13.0869	12.7773	12.4704	12.4731	12.7827	
13.0882	13.0865	12.7783	12.4718	12.4735	12.7817	
13.0868	13.0862	12.7793	12.4732	12.4738	12.7807	
13.0855	13.0858	12.7803	12.4745	12.4742	12.7797	
13.0841	13.0854	12.7813	12.4759	12.4746	12.7787	
13.0827	13.0851	12.7823	12.4773	12.4749	12.7777	
13.0814	13.0847	12.7833	12.4786	12.4753	12.7767	
13.08	13.0843	12.7843	12.48	12.4757	12.7757	
13.0787	13.0839	12.7852	12.4813	12.4761	12.7748	
13.0774	13.0836	12.7862	12.4826	12.4764	12.7738	
13.076	13.0832	12.7872	12.484	12.4768	12.7728	
13.0747	13.0828	12.7881	12.4853	12.4772	12.7719	
13.0733	13.0824	12.7891	12.4867	12.4776	12.7709	
13.072	13.082	12.79	12.488	12.478	12.77	
13.0707	13.0816	12.7909	12.4893	12.4784	12.7691	
13.0693	13.0812	12.7919	12.4907	12.4788	12.7681	
13.068	13.0808	12.7928	12.492	12.4792	12.7672	
13.0667	13.0804	12.7937	12.4933	12.4796	12.7663	
13.0654	13.08	12.7946	12.4946	12.48	12.7654	
13.0641	13.0796	12.7955	12.4959	12.4804	12.7645	
13.0628	13.0792	12.7964	12.4972	12.4808	12.7636	
13.0614	13.0788	12.7973	12.4986	12.4812	12.7627	
13.0601	13.0784	12.7982	12.4999	12.4816	12.7618	
13.0588	13.078	12.7991	12.5012	12.482	12.7609	
13.0575	13.0775	12.8	12.5025	12.4825	12.76	
13.0562	13.0771	12.8009	12.5038	12.4829	12.7591	
13.0549	13.0767	12.8017	12.5051	12.4833	12.7583	
13.0537	13.0763	12.8026	12.5063	12.4837	12.7574	
13.0524	13.0758	12.8035	12.5076	12.4842	12.7565	
13.0511	13.0754	12.8043	12.5089	12.4846	12.7557	
13.0498	13.075	12.8052	12.5102	12.485	12.7548	
13.0485	13.0745	12.806	12.5115	12.4855	12.754	
13.0472	13.0741	12.8069	12.5128	12.4859	12.7531	
13.046	13.0737	12.8077	12.514	12.4863	12.7523	
13.0447	13.0732	12.8085	12.5153	12.4868	12.7515	
13.0434	13.0728	12.8094	12.5166	12.4872	12.7506	
13.0422	13.0723	12.8102	12.5178	12.4877	12.7498	
13.0409	13.0719	12.811	12.5191	12.4881	12.749	
13.0396	13.0714	12.8118	12.5204	12.4886	12.7482	
13.0384	13.071	12.8126	12.5216	12.489	12.7474	
13.0371	13.0705	12.8134	12.5229	12.4895	12.7466	
13.0359	13.0701	12.8142	12.5241	12.4899	12.7458	
13.0346	13.0696	12.815	12.5254	12.4904	12.745	
13.0334	13.0692	12.8158	12.5266	12.4908	12.7442	
13.0322	13.0687	12.8165	12.5278	12.4913	12.7435	
13.0309	13.0682	12.8173	12.5291	12.4918	12.7427	
13.0297	13.0678	12.8181	12.5303	12.4922	12.7419	
13.0284	13.0673	12.8189	12.5316	12.4927	12.7411	
13.0272	13.0668	12.8196	12.5328	12.4932	12.7404	
13.026	13.0664	12.8204	12.534	12.4936	12.7396	
13.0248	13.0659	12.8211	12.5352	12.4941	12.7389	
13.0236	13.0654	12.8219	12.5364	12.4946	12.7381	
13.0223	13.0649	12.8226	12.5377	12.4951	12.7374	
13.0211	13.0645	12.8233	12.5389	12.4955	12.7367	
13.0199	13.064	12.8241	12.5401	12.496	12.7359	
13.0187	13.0635	12.8248	12.5413	12.4965	12.7352	
13.0175	13.063	12.8255	12.5425	12.497	12.7345	
13.0163	13.0625	12.8262	12.5437	12.4975	12.7338	
13.0151	13.062	12.8269	12.5449	12.498	12.7331	
13.0139	13.0615	12.8276	12.5461	12.4985	12.7324	
13.0127	13.0611	12.8283	12.5473	12.4989	12.7317	
13.0115	13.0606	12.829	12.5485	12.4994	12.731	
13.0103	13.0601	12.8297	12.5497	12.4999	12.7303	
13.0092	13.0596	12.8304	12.5508	12.5004	12.7296	
13.008	13.0591	12.8311	12.552	12.5009	12.7289	
13.0068	13.0586	12.8318	12.5532	12.5014	12.7282	
13.0056	13.0581	12.8325	12.5544	12.5019	12.7275	
13.0045	13.0576	12.8331	12.5555	12.5024	12.7269	
13.0033	13.0571	12.8338	12.5567	12.5029	12.7262	
13.0021	13.0566	12.8344	12.5579	12.5034	12.7256	
13.001	13.0561	12.8351	12.559	12.5039	12.7249	
12.9998	13.0555	12.8357	12.5602	12.5045	12.7243	
12.9986	13.055	12.8364	12.5614	12.505	12.7236	
12.9975	13.0545	12.837	12.5625	12.5055	12.723	
12.9963	13.054	12.8377	12.5637	12.506	12.7223	
12.9952	13.0535	12.8383	12.5648	12.5065	12.7217	
12.9941	13.053	12.8389	12.5659	12.507	12.7211	
12.9929	13.0525	12.8396	12.5671	12.5075	12.7204	
12.9918	13.0519	12.8402	12.5682	12.5081	12.7198	
12.9906	13.0514	12.8408	12.5694	12.5086	12.7192	
12.9895	13.0509	12.8414	12.5705	12.5091	12.7186	
12.9884	13.0504	12.842	12.5716	12.5096	12.718	
12.9873	13.0499	12.8426	12.5727	12.5101	12.7174	
12.9861	13.0493	12.8432	12.5739	12.5107	12.7168	
12.985	13.0488	12.8438	12.575	12.5112	12.7162	
12.9839	13.0483	12.8444	12.5761	12.5117	12.7156	
12.9828	13.0478	12.845	12.5772	12.5122	12.715	
12.9817	13.0472	12.8455	12.5783	12.5128	12.7145	
12.9806	13.0467	12.8461	12.5794	12.5133	12.7139	
12.9795	13.0462	12.8467	12.5805	12.5138	12.7133	
12.9784	13.0456	12.8473	12.5816	12.5144	12.7127	
12.9773	13.0451	12.8478	12.5827	12.5149	12.7122	
12.9762	13.0446	12.8484	12.5838	12.5154	12.7116	
12.9751	13.044	12.8489	12.5849	12.516	12.7111	
12.974	13.0435	12.8495	12.586	12.5165	12.7105	
12.9729	13.0429	12.85	12.5871	12.5171	12.71	
12.9718	13.0424	12.8506	12.5882	12.5176	12.7094	
12.9707	13.0419	12.8511	12.5893	12.5181	12.7089	
12.9697	13.0413	12.8516	12.5903	12.5187	12.7084	
12.9686	13.0408	12.8522	12.5914	12.5192	12.7078	
12.9675	13.0402	12.8527	12.5925	12.5198	12.7073	
12.9665	13.0397	12.8532	12.5935	12.5203	12.7068	
12.9654	13.0391	12.8537	12.5946	12.5209	12.7063	
12.9643	13.0386	12.8542	12.5957	12.5214	12.7058	
12.9633	13.038	12.8547	12.5967	12.522	12.7053	
12.9622	13.0375	12.8553	12.5978	12.5225	12.7047	
12.9612	13.0369	12.8558	12.5988	12.5231	12.7042	
12.9601	13.0364	12.8562	12.5999	12.5236	12.7038	
12.9591	13.0358	12.8567	12.6009	12.5242	12.7033	
12.958	13.0353	12.8572	12.602	12.5247	12.7028	
12.957	13.0347	12.8577	12.603	12.5253	12.7023	
12.956	13.0342	12.8582	12.604	12.5258	12.7018	
12.9549	13.0336	12.8587	12.6051	12.5264	12.7013	
12.9539	13.033	12.8591	12.6061	12.527	12.7009	
12.9529	13.0325	12.8596	12.6071	12.5275	12.7004	
12.9519	13.0319	12.8601	12.6081	12.5281	12.6999	
12.9508	13.0314	12.8605	12.6092	12.5286	12.6995	
12.9498	13.0308	12.861	12.6102	12.5292	12.699	
12.9488	13.0302	12.8614	12.6112	12.5298	12.6986	
12.9478	13.0297	12.8619	12.6122	12.5303	12.6981	
12.9468	13.0291	12.8623	12.6132	12.5309	12.6977	
12.9458	13.0286	12.8628	12.6142	12.5314	12.6972	
12.9448	13.028	12.8632	12.6152	12.532	12.6968	
12.9438	13.0274	12.8637	12.6162	12.5326	12.6963	
12.9428	13.0269	12.8641	12.6172	12.5331	12.6959	
12.9418	13.0263	12.8645	12.6182	12.5337	12.6955	
12.9408	13.0257	12.8649	12.6192	12.5343	12.6951	
12.9398	13.0252	12.8654	12.6202	12.5348	12.6946	
12.9388	13.0246	12.8658	12.6212	12.5354	12.6942	
12.9378	13.024	12.8662	12.6222	12.536	12.6938	
12.9369	13.0235	12.8666	12.6231	12.5365	12.6934	
12.9359	13.0229	12.867	12.6241	12.5371	12.693	
12.9349	13.0223	12.8674	12.6251	12.5377	12.6926	
12.9339	13.0217	12.8678	12.6261	12.5383	12.6922	
12.933	13.0212	12.8682	12.627	12.5388	12.6918	
12.932	13.0206	12.8686	12.628	12.5394	12.6914	
12.9311	13.02	12.869	12.6289	12.54	12.691	
12.9301	13.0194	12.8693	12.6299	12.5406	12.6907	
12.9291	13.0189	12.8697	12.6309	12.5411	12.6903	
12.9282	13.0183	12.8701	12.6318	12.5417	12.6899	
12.9272	13.0177	12.8705	12.6328	12.5423	12.6895	
12.9263	13.0171	12.8708	12.6337	12.5429	12.6892	
12.9254	13.0166	12.8712	12.6346	12.5434	12.6888	
12.9244	13.016	12.8716	12.6356	12.544	12.6884	
12.9235	13.0154	12.8719	12.6365	12.5446	12.6881	
12.9226	13.0148	12.8723	12.6374	12.5452	12.6877	
12.9216	13.0143	12.8726	12.6384	12.5457	12.6874	
12.9207	13.0137	12.873	12.6393	12.5463	12.687	
12.9198	13.0131	12.8733	12.6402	12.5469	12.6867	
12.9189	13.0125	12.8737	12.6411	12.5475	12.6863	
12.9179	13.0119	12.874	12.6421	12.5481	12.686	
12.917	13.0114	12.8743	12.643	12.5486	12.6857	
12.9161	13.0108	12.8747	12.6439	12.5492	12.6853	
12.9152	13.0102	12.875	12.6448	12.5498	12.685	
12.9143	13.0096	12.8753	12.6457	12.5504	12.6847	
12.9134	13.009	12.8756	12.6466	12.551	12.6844	
12.9125	13.0084	12.876	12.6475	12.5516	12.684	
12.9116	13.0079	12.8763	12.6484	12.5521	12.6837	
12.9107	13.0073	12.8766	12.6493	12.5527	12.6834	
12.9098	13.0067	12.8769	12.6502	12.5533	12.6831	
12.9089	13.0061	12.8772	12.6511	12.5539	12.6828	
12.908	13.0055	12.8775	12.652	12.5545	12.6825	
12.9072	13.0049	12.8778	12.6528	12.5551	12.6822	
12.9063	13.0044	12.8781	12.6537	12.5556	12.6819	
12.9054	13.0038	12.8784	12.6546	12.5562	12.6816	
12.9045	13.0032	12.8787	12.6555	12.5568	12.6813	
12.9037	13.0026	12.879	12.6563	12.5574	12.681	
12.9028	13.002	12.8792	12.6572	12.558	12.6808	
12.9019	13.0014	12.8795	12.6581	12.5586	12.6805	
12.9011	13.0008	12.8798	12.6589	12.5592	12.6802	
12.9002	13.0003	12.8801	12.6598	12.5597	12.6799	
12.8993	12.9997	12.8803	12.6607	12.5603	12.6797	
12.8985	12.9991	12.8806	12.6615	12.5609	12.6794	
12.8976	12.9985	12.8809	12.6624	12.5615	12.6791	
12.8968	12.9979	12.8811	12.6632	12.5621	12.6789	
12.896	12.9973	12.8814	12.664	12.5627	12.6786	
12.8951	12.9967	12.8816	12.6649	12.5633	12.6784	
12.8943	12.9962	12.8819	12.6657	12.5638	12.6781	
12.8934	12.9956	12.8821	12.6666	12.5644	12.6779	
12.8926	12.995	12.8824	12.6674	12.565	12.6776	
12.8918	12.9944	12.8826	12.6682	12.5656	12.6774	
12.891	12.9938	12.8829	12.669	12.5662	12.6771	
12.8901	12.9932	12.8831	12.6699	12.5668	12.6769	
12.8893	12.9926	12.8833	12.6707	12.5674	12.6767	
12.8885	12.992	12.8836	12.6715	12.568	12.6764	
12.8877	12.9915	12.8838	12.6723	12.5685	12.6762	
12.8869	12.9909	12.884	12.6731	12.5691	12.676	
12.8861	12.9903	12.8842	12.6739	12.5697	12.6758	
12.8852	12.9897	12.8845	12.6748	12.5703	12.6755	
12.8844	12.9891	12.8847	12.6756	12.5709	12.6753	
12.8836	12.9885	12.8849	12.6764	12.5715	12.6751	
12.8828	12.9879	12.8851	12.6772	12.5721	12.6749	
12.8821	12.9873	12.8853	12.6779	12.5727	12.6747	
12.8813	12.9868	12.8855	12.6787	12.5732	12.6745	
12.8805	12.9862	12.8857	12.6795	12.5738	12.6743	
12.8797	12.9856	12.8859	12.6803	12.5744	12.6741	
12.8789	12.985	12.8861	12.6811	12.575	12.6739	
12.8781	12.9844	12.8863	12.6819	12.5756	12.6737	
12.8773	12.9838	12.8865	12.6827	12.5762	12.6735	
12.8766	12.9832	12.8867	12.6834	12.5768	12.6733	
12.8758	12.9827	12.8869	12.6842	12.5773	12.6731	
12.875	12.9821	12.887	12.685	12.5779	12.673	
12.8743	12.9815	12.8872	12.6857	12.5785	12.6728	
12.8735	12.9809	12.8874	12.6865	12.5791	12.6726	
12.8727	12.9803	12.8876	12.6873	12.5797	12.6724	
12.872	12.9797	12.8877	12.688	12.5803	12.6723	
12.8712	12.9791	12.8879	12.6888	12.5809	12.6721	
12.8705	12.9785	12.8881	12.6895	12.5815	12.6719	
12.8697	12.978	12.8882	12.6903	12.582	12.6718	
12.869	12.9774	12.8884	12.691	12.5826	12.6716	
12.8682	12.9768	12.8886	12.6918	12.5832	12.6714	
12.8675	12.9762	12.8887	12.6925	12.5838	12.6713	
12.8668	12.9756	12.8889	12.6932	12.5844	12.6711	
12.866	12.975	12.889	12.694	12.585	12.671	
12.8653	12.9744	12.8892	12.6947	12.5856	12.6708	
12.8646	12.9739	12.8893	12.6954	12.5861	12.6707	
12.8638	12.9733	12.8895	12.6962	12.5867	12.6705	
12.8631	12.9727	12.8896	12.6969	12.5873	12.6704	
12.8624	12.9721	12.8897	12.6976	12.5879	12.6703	
12.8617	12.9715	12.8899	12.6983	12.5885	12.6701	
12.8609	12.9709	12.89	12.6991	12.5891	12.67	
12.8602	12.9704	12.8901	12.6998	12.5896	12.6699	
12.8595	12.9698	12.8903	12.7005	12.5902	12.6697	
12.8588	12.9692	12.8904	12.7012	12.5908	12.6696	
12.8581	12.9686	12.8905	12.7019	12.5914	12.6695	
12.8574	12.968	12.8906	12.7026	12.592	12.6694	
12.8567	12.9675	12.8907	12.7033	12.5925	12.6693	
12.856	12.9669	12.8909	12.704	12.5931	12.6691	
12.8553	12.9663	12.891	12.7047	12.5937	12.669	
12.8546	12.9657	12.8911	12.7054	12.5943	12.6689	
12.8539	12.9651	12.8912	12.7061	12.5949	12.6688	
12.8532	12.9646	12.8913	12.7068	12.5954	12.6687	
12.8526	12.964	12.8914	12.7074	12.596	12.6686	
12.8519	12.9634	12.8915	12.7081	12.5966	12.6685	
12.8512	12.9628	12.8916	12.7088	12.5972	12.6684	
12.8505	12.9622	12.8917	12.7095	12.5978	12.6683	
12.8499	12.9617	12.8918	12.7101	12.5983	12.6682	
12.8492	12.9611	12.8919	12.7108	12.5989	12.6681	
12.8485	12.9605	12.892	12.7115	12.5995	12.668	
12.8479	12.9599	12.8921	12.7121	12.6001	12.6679	
12.8472	12.9594	12.8922	12.7128	12.6006	12.6678	
12.8465	12.9588	12.8922	12.7135	12.6012	12.6678	
12.8459	12.9582	12.8923	12.7141	12.6018	12.6677	
12.8452	12.9576	12.8924	12.7148	12.6024	12.6676	
12.8446	12.9571	12.8925	12.7154	12.6029	12.6675	
12.8439	12.9565	12.8926	12.7161	12.6035	12.6674	
12.8433	12.9559	12.8926	12.7167	12.6041	12.6674	
12.8426	12.9553	12.8927	12.7174	12.6047	12.6673	
12.842	12.9548	12.8928	12.718	12.6052	12.6672	
12.8414	12.9542	12.8928	12.7186	12.6058	12.6672	
12.8407	12.9536	12.8929	12.7193	12.6064	12.6671	
12.8401	12.953	12.893	12.7199	12.607	12.667	
12.8395	12.9525	12.893	12.7205	12.6075	12.667	
12.8388	12.9519	12.8931	12.7212	12.6081	12.6669	
12.8382	12.9513	12.8931	12.7218	12.6087	12.6669	
12.8376	12.9508	12.8932	12.7224	12.6092	12.6668	
12.837	12.9502	12.8932	12.723	12.6098	12.6668	
12.8363	12.9496	12.8933	12.7237	12.6104	12.6667	
12.8357	12.9491	12.8933	12.7243	12.6109	12.6667	
12.8351	12.9485	12.8934	12.7249	12.6115	12.6666	
12.8345	12.9479	12.8934	12.7255	12.6121	12.6666	
12.8339	12.9474	12.8935	12.7261	12.6126	12.6665	
12.8333	12.9468	12.8935	12.7267	12.6132	12.6665	
12.8327	12.9462	12.8935	12.7273	12.6138	12.6665	
12.8321	12.9457	12.8936	12.7279	12.6143	12.6664	
12.8315	12.9451	12.8936	12.7285	12.6149	12.6664	
12.8309	12.9445	12.8936	12.7291	12.6155	12.6664	
12.8303	12.944	12.8937	12.7297	12.616	12.6663	
12.8297	12.9434	12.8937	12.7303	12.6166	12.6663	
12.8291	12.9429	12.8937	12.7309	12.6171	12.6663	
12.8286	12.9423	12.8937	12.7314	12.6177	12.6663	
12.828	12.9417	12.8938	12.732	12.6183	12.6662	
12.8274	12.9412	12.8938	12.7326	12.6188	12.6662	
12.8268	12.9406	12.8938	12.7332	12.6194	12.6662	
12.8262	12.9401	12.8938	12.7338	12.6199	12.6662	
12.8257	12.9395	12.8938	12.7343	12.6205	12.6662	
12.8251	12.9389	12.8938	12.7349	12.6211	12.6662	
12.8245	12.9384	12.8939	12.7355	12.6216	12.6661	
12.824	12.9378	12.8939	12.736	12.6222	12.6661	
12.8234	12.9373	12.8939	12.7366	12.6227	12.6661	
12.8228	12.9367	12.8939	12.7372	12.6233	12.6661	
12.8223	12.9362	12.8939	12.7377	12.6238	12.6661	
12.8217	12.9356	12.8939	12.7383	12.6244	12.6661	
12.8212	12.9351	12.8939	12.7388	12.6249	12.6661	
12.8206	12.9345	12.8939	12.7394	12.6255	12.6661	
12.8201	12.934	12.8939	12.7399	12.626	12.6661	
12.8195	12.9334	12.8939	12.7405	12.6266	12.6661	
12.819	12.9329	12.8939	12.741	12.6271	12.6661	
12.8185	12.9323	12.8938	12.7415	12.6277	12.6662	
12.8179	12.9318	12.8938	12.7421	12.6282	12.6662	
12.8174	12.9312	12.8938	12.7426	12.6288	12.6662	
12.8169	12.9307	12.8938	12.7431	12.6293	12.6662	
12.8163	12.9301	12.8938	12.7437	12.6299	12.6662	
12.8158	12.9296	12.8938	12.7442	12.6304	12.6662	
12.8153	12.929	12.8938	12.7447	12.631	12.6662	
12.8147	12.9285	12.8937	12.7453	12.6315	12.6663	
12.8142	12.9279	12.8937	12.7458	12.6321	12.6663	
12.8137	12.9274	12.8937	12.7463	12.6326	12.6663	
12.8132	12.9269	12.8937	12.7468	12.6331	12.6663	
12.8127	12.9263	12.8936	12.7473	12.6337	12.6664	
12.8122	12.9258	12.8936	12.7478	12.6342	12.6664	
12.8117	12.9252	12.8936	12.7483	12.6348	12.6664	
12.8112	12.9247	12.8935	12.7488	12.6353	12.6665	
12.8107	12.9242	12.8935	12.7493	12.6358	12.6665	
12.8101	12.9236	12.8935	12.7499	12.6364	12.6665	
12.8097	12.9231	12.8934	12.7503	12.6369	12.6666	
12.8092	12.9225	12.8934	12.7508	12.6375	12.6666	
12.8087	12.922	12.8934	12.7513	12.638	12.6666	
12.8082	12.9215	12.8933	12.7518	12.6385	12.6667	
12.8077	12.9209	12.8933	12.7523	12.6391	12.6667	
12.8072	12.9204	12.8932	12.7528	12.6396	12.6668	
12.8067	12.9199	12.8932	12.7533	12.6401	12.6668	
12.8062	12.9193	12.8931	12.7538	12.6407	12.6669	
12.8057	12.9188	12.8931	12.7543	12.6412	12.6669	
12.8053	12.9183	12.893	12.7547	12.6417	12.667	
12.8048	12.9178	12.893	12.7552	12.6422	12.667	
12.8043	12.9172	12.8929	12.7557	12.6428	12.6671	
12.8038	12.9167	12.8929	12.7562	12.6433	12.6671	
12.8034	12.9162	12.8928	12.7566	12.6438	12.6672	
12.8029	12.9156	12.8927	12.7571	12.6444	12.6673	
12.8024	12.9151	12.8927	12.7576	12.6449	12.6673	
12.802	12.9146	12.8926	12.758	12.6454	12.6674	
12.8015	12.9141	12.8926	12.7585	12.6459	12.6674	
12.8011	12.9136	12.8925	12.7589	12.6464	12.6675	
12.8006	12.913	12.8924	12.7594	12.647	12.6676	
12.8001	12.9125	12.8924	12.7599	12.6475	12.6676	
12.7997	12.912	12.8923	12.7603	12.648	12.6677	
12.7992	12.9115	12.8922	12.7608	12.6485	12.6678	
12.7988	12.911	12.8922	12.7612	12.649	12.6678	
12.7984	12.9104	12.8921	12.7616	12.6496	12.6679	
12.7979	12.9099	12.892	12.7621	12.6501	12.668	
12.7975	12.9094	12.8919	12.7625	12.6506	12.6681	
12.797	12.9089	12.8919	12.763	12.6511	12.6681	
12.7966	12.9084	12.8918	12.7634	12.6516	12.6682	
12.7962	12.9079	12.8917	12.7638	12.6521	12.6683	
12.7957	12.9073	12.8916	12.7643	12.6527	12.6684	
12.7953	12.9068	12.8915	12.7647	12.6532	12.6685	
12.7949	12.9063	12.8915	12.7651	12.6537	12.6685	
12.7944	12.9058	12.8914	12.7656	12.6542	12.6686	
12.794	12.9053	12.8913	12.766	12.6547	12.6687	
12.7936	12.9048	12.8912	12.7664	12.6552	12.6688	
12.7932	12.9043	12.8911	12.7668	12.6557	12.6689	
12.7928	12.9038	12.891	12.7672	12.6562	12.669	
12.7924	12.9033	12.8909	12.7676	12.6567	12.6691	
12.7919	12.9028	12.8908	12.7681	12.6572	12.6692	
12.7915	12.9023	12.8907	12.7685	12.6577	12.6693	
12.7911	12.9018	12.8906	12.7689	12.6582	12.6694	
12.7907	12.9013	12.8906	12.7693	12.6587	12.6694	
12.7903	12.9008	12.8905	12.7697	12.6592	12.6695	
12.7899	12.9003	12.8904	12.7701	12.6597	12.6696	
12.7895	12.8998	12.8903	12.7705	12.6602	12.6697	
12.7891	12.8993	12.8902	12.7709	12.6607	12.6698	
12.7887	12.8988	12.8901	12.7713	12.6612	12.6699	
12.7883	12.8983	12.89	12.7717	12.6617	12.67	
12.7879	12.8978	12.8898	12.7721	12.6622	12.6702	
12.7875	12.8973	12.8897	12.7725	12.6627	12.6703	
12.7872	12.8968	12.8896	12.7728	12.6632	12.6704	
12.7868	12.8963	12.8895	12.7732	12.6637	12.6705	
12.7864	12.8958	12.8894	12.7736	12.6642	12.6706	
12.786	12.8953	12.8893	12.774	12.6647	12.6707	
12.7856	12.8948	12.8892	12.7744	12.6652	12.6708	
12.7853	12.8943	12.8891	12.7747	12.6657	12.6709	
12.7849	12.8939	12.889	12.7751	12.6661	12.671	
12.7845	12.8934	12.8889	12.7755	12.6666	12.6711	
12.7841	12.8929	12.8888	12.7759	12.6671	12.6712	
12.7838	12.8924	12.8886	12.7762	12.6676	12.6714	
12.7834	12.8919	12.8885	12.7766	12.6681	12.6715	
12.783	12.8914	12.8884	12.777	12.6686	12.6716	
12.7827	12.891	12.8883	12.7773	12.669	12.6717	
12.7823	12.8905	12.8882	12.7777	12.6695	12.6718	
12.782	12.89	12.888	12.778	12.67	12.672	
12.7816	12.8895	12.8879	12.7784	12.6705	12.6721	
12.7812	12.889	12.8878	12.7788	12.671	12.6722	
12.7809	12.8886	12.8877	12.7791	12.6714	12.6723	
12.7805	12.8881	12.8875	12.7795	12.6719	12.6725	
12.7802	12.8876	12.8874	12.7798	12.6724	12.6726	
12.7798	12.8871	12.8873	12.7802	12.6729	12.6727	
12.7795	12.8867	12.8872	12.7805	12.6733	12.6728	
12.7792	12.8862	12.887	12.7808	12.6738	12.673	
12.7788	12.8857	12.8869	12.7812	12.6743	12.6731	
12.7785	12.8852	12.8868	12.7815	12.6748	12.6732	
12.7781	12.8848	12.8866	12.7819	12.6752	12.6734	
12.7778	12.8843	12.8865	12.7822	12.6757	12.6735	
12.7775	12.8838	12.8864	12.7825	12.6762	12.6736	
12.7771	12.8834	12.8862	12.7829	12.6766	12.6738	
12.7768	12.8829	12.8861	12.7832	12.6771	12.6739	
12.7765	12.8824	12.886	12.7835	12.6776	12.674	
12.7761	12.882	12.8858	12.7839	12.678	12.6742	
12.7758	12.8815	12.8857	12.7842	12.6785	12.6743	
12.7755	12.8811	12.8856	12.7845	12.6789	12.6744	
12.7752	12.8806	12.8854	12.7848	12.6794	12.6746	
12.7749	12.8801	12.8853	12.7851	12.6799	12.6747	
12.7745	12.8797	12.8851	12.7855	12.6803	12.6749	
12.7742	12.8792	12.885	12.7858	12.6808	12.675	
12.7739	12.8788	12.8849	12.7861	12.6812	12.6751	
12.7736	12.8783	12.8847	12.7864	12.6817	12.6753	
12.7733	12.8779	12.8846	12.7867	12.6821	12.6754	
12.773	12.8774	12.8844	12.787	12.6826	12.6756	
12.7727	12.877	12.8843	12.7873	12.683	12.6757	
12.7724	12.8765	12.8841	12.7876	12.6835	12.6759	
12.7721	12.8761	12.884	12.7879	12.6839	12.676	
12.7718	12.8756	12.8838	12.7882	12.6844	12.6762	
12.7715	12.8752	12.8837	12.7885	12.6848	12.6763	
12.7712	12.8747	12.8835	12.7888	12.6853	12.6765	
12.7709	12.8743	12.8834	12.7891	12.6857	12.6766	
12.7706	12.8738	12.8832	12.7894	12.6862	12.6768	
12.7703	12.8734	12.8831	12.7897	12.6866	12.6769	
12.77	12.8729	12.8829	12.79	12.6871	12.6771	
12.7697	12.8725	12.8828	12.7903	12.6875	12.6772	
12.7694	12.872	12.8826	12.7906	12.688	12.6774	
12.7692	12.8716	12.8825	12.7908	12.6884	12.6775	
12.7689	12.8712	12.8823	12.7911	12.6888	12.6777	
12.7686	12.8707	12.8821	12.7914	12.6893	12.6779	
12.7683	12.8703	12.882	12.7917	12.6897	12.678	
12.768	12.8699	12.8818	12.792	12.6901	12.6782	
12.7678	12.8694	12.8817	12.7922	12.6906	12.6783	
12.7675	12.869	12.8815	12.7925	12.691	12.6785	
12.7672	12.8686	12.8813	12.7928	12.6914	12.6787	
12.7669	12.8681	12.8812	12.7931	12.6919	12.6788	
12.7667	12.8677	12.881	12.7933	12.6923	12.679	
12.7664	12.8673	12.8809	12.7936	12.6927	12.6791	
12.7661	12.8668	12.8807	12.7939	12.6932	12.6793	
12.7659	12.8664	12.8805	12.7941	12.6936	12.6795	
12.7656	12.866	12.8804	12.7944	12.694	12.6796	
12.7654	12.8656	12.8802	12.7946	12.6944	12.6798	
12.7651	12.8651	12.88	12.7949	12.6949	12.68	
12.7648	12.8647	12.8799	12.7952	12.6953	12.6801	
12.7646	12.8643	12.8797	12.7954	12.6957	12.6803	
12.7643	12.8639	12.8795	12.7957	12.6961	12.6805	
12.7641	12.8634	12.8794	12.7959	12.6966	12.6806	
12.7638	12.863	12.8792	12.7962	12.697	12.6808	
12.7636	12.8626	12.879	12.7964	12.6974	12.681	
12.7633	12.8622	12.8789	12.7967	12.6978	12.6811	
12.7631	12.8618	12.8787	12.7969	12.6982	12.6813	
12.7629	12.8614	12.8785	12.7971	12.6986	12.6815	
12.7626	12.8609	12.8783	12.7974	12.6991	12.6817	
12.7624	12.8605	12.8782	12.7976	12.6995	12.6818	
12.7621	12.8601	12.878	12.7979	12.6999	12.682	
12.7619	12.8597	12.8778	12.7981	12.7003	12.6822	
12.7617	12.8593	12.8776	12.7983	12.7007	12.6824	
12.7614	12.8589	12.8775	12.7986	12.7011	12.6825	
12.7612	12.8585	12.8773	12.7988	12.7015	12.6827	
12.761	12.8581	12.8771	12.799	12.7019	12.6829	
12.7607	12.8577	12.8769	12.7993	12.7023	12.6831	
12.7605	12.8573	12.8768	12.7995	12.7027	12.6832	
12.7603	12.8569	12.8766	12.7997	12.7031	12.6834	
12.7601	12.8565	12.8764	12.7999	12.7035	12.6836	
12.7598	12.8561	12.8762	12.8002	12.7039	12.6838	
12.7596	12.8557	12.876	12.8004	12.7043	12.684	
12.7594	12.8553	12.8759	12.8006	12.7047	12.6841	
12.7592	12.8549	12.8757	12.8008	12.7051	12.6843	
12.759	12.8545	12.8755	12.801	12.7055	12.6845	
12.7587	12.8541	12.8753	12.8013	12.7059	12.6847	
12.7585	12.8537	12.8751	12.8015	12.7063	12.6849	
12.7583	12.8533	12.875	12.8017	12.7067	12.685	
12.7581	12.8529	12.8748	12.8019	12.7071	12.6852	
12.7579	12.8525	12.8746	12.8021	12.7075	12.6854	
12.7577	12.8521	12.8744	12.8023	12.7079	12.6856	
12.7575	12.8517	12.8742	12.8025	12.7083	12.6858	
12.7573	12.8513	12.874	12.8027	12.7087	12.686	
12.7571	12.8509	12.8739	12.8029	12.7091	12.6861	
12.7569	12.8506	12.8737	12.8031	12.7094	12.6863	
12.7567	12.8502	12.8735	12.8033	12.7098	12.6865	
12.7565	12.8498	12.8733	12.8035	12.7102	12.6867	
12.7563	12.8494	12.8731	12.8037	12.7106	12.6869	
12.7561	12.849	12.8729	12.8039	12.711	12.6871	
12.7559	12.8486	12.8727	12.8041	12.7114	12.6873	
12.7557	12.8483	12.8726	12.8043	12.7117	12.6874	
12.7555	12.8479	12.8724	12.8045	12.7121	12.6876	
12.7553	12.8475	12.8722	12.8047	12.7125	12.6878	
12.7551	12.8471	12.872	12.8049	12.7129	12.688	
12.7549	12.8468	12.8718	12.8051	12.7132	12.6882	
12.7548	12.8464	12.8716	12.8052	12.7136	12.6884	
12.7546	12.846	12.8714	12.8054	12.714	12.6886	
12.7544	12.8456	12.8712	12.8056	12.7144	12.6888	
12.7542	12.8453	12.871	12.8058	12.7147	12.689	
12.754	12.8449	12.8709	12.806	12.7151	12.6891	
12.7539	12.8445	12.8707	12.8061	12.7155	12.6893	
12.7537	12.8441	12.8705	12.8063	12.7159	12.6895	
12.7535	12.8438	12.8703	12.8065	12.7162	12.6897	
12.7533	12.8434	12.8701	12.8067	12.7166	12.6899	
12.7532	12.843	12.8699	12.8068	12.717	12.6901	
12.753	12.8427	12.8697	12.807	12.7173	12.6903	
12.7528	12.8423	12.8695	12.8072	12.7177	12.6905	
12.7526	12.842	12.8693	12.8074	12.718	12.6907	
12.7525	12.8416	12.8691	12.8075	12.7184	12.6909	
12.7523	12.8412	12.8689	12.8077	12.7188	12.6911	
12.7522	12.8409	12.8687	12.8078	12.7191	12.6913	
12.752	12.8405	12.8685	12.808	12.7195	12.6915	
12.7518	12.8402	12.8683	12.8082	12.7198	12.6917	
12.7517	12.8398	12.8681	12.8083	12.7202	12.6919	
12.7515	12.8395	12.8679	12.8085	12.7205	12.6921	
12.7513	12.8391	12.8678	12.8087	12.7209	12.6922	
12.7512	12.8387	12.8676	12.8088	12.7213	12.6924	
12.751	12.8384	12.8674	12.809	12.7216	12.6926	
12.7509	12.838	12.8672	12.8091	12.722	12.6928	
12.7507	12.8377	12.867	12.8093	12.7223	12.693	
12.7506	12.8373	12.8668	12.8094	12.7227	12.6932	
12.7504	12.837	12.8666	12.8096	12.723	12.6934	
12.7503	12.8367	12.8664	12.8097	12.7233	12.6936	
12.7501	12.8363	12.8662	12.8099	12.7237	12.6938	
12.75	12.836	12.866	12.81	12.724	12.694	
12.7498	12.8356	12.8658	12.8102	12.7244	12.6942	
12.7497	12.8353	12.8656	12.8103	12.7247	12.6944	
12.7496	12.8349	12.8654	12.8104	12.7251	12.6946	
12.7494	12.8346	12.8652	12.8106	12.7254	12.6948	
12.7493	12.8343	12.865	12.8107	12.7257	12.695	
12.7491	12.8339	12.8648	12.8109	12.7261	12.6952	
12.749	12.8336	12.8646	12.811	12.7264	12.6954	
12.7489	12.8332	12.8644	12.8111	12.7268	12.6956	
12.7487	12.8329	12.8642	12.8113	12.7271	12.6958	
12.7486	12.8326	12.864	12.8114	12.7274	12.696	
12.7485	12.8322	12.8638	12.8115	12.7278	12.6962	
12.7483	12.8319	12.8636	12.8117	12.7281	12.6964	
12.7482	12.8316	12.8634	12.8118	12.7284	12.6966	
12.7481	12.8313	12.8632	12.8119	12.7287	12.6968	
12.748	12.8309	12.863	12.812	12.7291	12.697	
12.7478	12.8306	12.8628	12.8122	12.7294	12.6972	
12.7477	12.8303	12.8626	12.8123	12.7297	12.6974	
12.7476	12.8299	12.8624	12.8124	12.7301	12.6976	
12.7475	12.8296	12.8622	12.8125	12.7304	12.6978	
12.7473	12.8293	12.862	12.8127	12.7307	12.698	
12.7472	12.829	12.8618	12.8128	12.731	12.6982	
12.7471	12.8287	12.8616	12.8129	12.7313	12.6984	
12.747	12.8283	12.8614	12.813	12.7317	12.6986	
12.7469	12.828	12.8612	12.8131	12.732	12.6988	
12.7467	12.8277	12.861	12.8133	12.7323	12.699	
12.7466	12.8274	12.8608	12.8134	12.7326	12.6992	
12.7465	12.8271	12.8605	12.8135	12.7329	12.6995	
12.7464	12.8268	12.8603	12.8136	12.7332	12.6997	
12.7463	12.8264	12.8601	12.8137	12.7336	12.6999	
12.7462	12.8261	12.8599	12.8138	12.7339	12.7001	
12.7461	12.8258	12.8597	12.8139	12.7342	12.7003	
12.746	12.8255	12.8595	12.814	12.7345	12.7005	
12.7459	12.8252	12.8593	12.8141	12.7348	12.7007	
12.7458	12.8249	12.8591	12.8142	12.7351	12.7009	
12.7457	12.8246	12.8589	12.8143	12.7354	12.7011	
12.7456	12.8243	12.8587	12.8144	12.7357	12.7013	
12.7455	12.824	12.8585	12.8145	12.736	12.7015	
12.7453	12.8237	12.8583	12.8147	12.7363	12.7017	
12.7453	12.8234	12.8581	12.8147	12.7366	12.7019	
12.7452	12.8231	12.8579	12.8148	12.7369	12.7021	
12.7451	12.8227	12.8577	12.8149	12.7373	12.7023	
12.745	12.8224	12.8575	12.815	12.7376	12.7025	
12.7449	12.8221	12.8573	12.8151	12.7379	12.7027	
12.7448	12.8219	12.8571	12.8152	12.7381	12.7029	
12.7447	12.8216	12.8569	12.8153	12.7384	12.7031	
12.7446	12.8213	12.8567	12.8154	12.7387	12.7033	
12.7445	12.821	12.8565	12.8155	12.739	12.7035	
12.7444	12.8207	12.8563	12.8156	12.7393	12.7037	
12.7443	12.8204	12.8561	12.8157	12.7396	12.7039	
12.7442	12.8201	12.8559	12.8158	12.7399	12.7041	
12.7441	12.8198	12.8556	12.8159	12.7402	12.7044	
12.7441	12.8195	12.8554	12.8159	12.7405	12.7046	
12.744	12.8192	12.8552	12.816	12.7408	12.7048	
12.7439	12.8189	12.855	12.8161	12.7411	12.705	
12.7438	12.8186	12.8548	12.8162	12.7414	12.7052	
12.7437	12.8183	12.8546	12.8163	12.7417	12.7054	
12.7436	12.8181	12.8544	12.8164	12.7419	12.7056	
12.7436	12.8178	12.8542	12.8164	12.7422	12.7058	
12.7435	12.8175	12.854	12.8165	12.7425	12.706	
12.7434	12.8172	12.8538	12.8166	12.7428	12.7062	
12.7433	12.8169	12.8536	12.8167	12.7431	12.7064	
12.7433	12.8166	12.8534	12.8167	12.7434	12.7066	
12.7432	12.8164	12.8532	12.8168	12.7436	12.7068	
12.7431	12.8161	12.853	12.8169	12.7439	12.707	
12.743	12.8158	12.8528	12.817	12.7442	12.7072	
12.743	12.8155	12.8526	12.817	12.7445	12.7074	
12.7429	12.8153	12.8524	12.8171	12.7447	12.7076	
12.7428	12.815	12.8522	12.8172	12.745	12.7078	
12.7428	12.8147	12.852	12.8172	12.7453	12.708	
12.7427	12.8144	12.8517	12.8173	12.7456	12.7083	
12.7426	12.8142	12.8515	12.8174	12.7458	12.7085	
12.7426	12.8139	12.8513	12.8174	12.7461	12.7087	
12.7425	12.8136	12.8511	12.8175	12.7464	12.7089	
12.7424	12.8134	12.8509	12.8176	12.7466	12.7091	
12.7424	12.8131	12.8507	12.8176	12.7469	12.7093	
12.7423	12.8128	12.8505	12.8177	12.7472	12.7095	
12.7422	12.8126	12.8503	12.8178	12.7474	12.7097	
12.7422	12.8123	12.8501	12.8178	12.7477	12.7099	
12.7421	12.812	12.8499	12.8179	12.748	12.7101	
12.7421	12.8118	12.8497	12.8179	12.7482	12.7103	
12.742	12.8115	12.8495	12.818	12.7485	12.7105	
12.742	12.8112	12.8493	12.818	12.7488	12.7107	
12.7419	12.811	12.8491	12.8181	12.749	12.7109	
12.7418	12.8107	12.8489	12.8182	12.7493	12.7111	
12.7418	12.8105	12.8487	12.8182	12.7495	12.7113	
12.7417	12.8102	12.8485	12.8183	12.7498	12.7115	
12.7417	12.81	12.8483	12.8183	12.75	12.7117	
12.7416	12.8097	12.8481	12.8184	12.7503	12.7119	
12.7416	12.8094	12.8479	12.8184	12.7506	12.7121	
12.7415	12.8092	12.8477	12.8185	12.7508	12.7123	
12.7415	12.8089	12.8475	12.8185	12.7511	12.7125	
12.7414	12.8087	12.8473	12.8186	12.7513	12.7127	
12.7414	12.8084	12.847	12.8186	12.7516	12.713	
12.7413	12.8082	12.8468	12.8187	12.7518	12.7132	
12.7413	12.8079	12.8466	12.8187	12.7521	12.7134	
12.7413	12.8077	12.8464	12.8187	12.7523	12.7136	
12.7412	12.8074	12.8462	12.8188	12.7526	12.7138	
12.7412	12.8072	12.846	12.8188	12.7528	12.714	
12.7411	12.807	12.8458	12.8189	12.753	12.7142	
12.7411	12.8067	12.8456	12.8189	12.7533	12.7144	
12.741	12.8065	12.8454	12.819	12.7535	12.7146	
12.741	12.8062	12.8452	12.819	12.7538	12.7148	
12.741	12.806	12.845	12.819	12.754	12.715	
12.7409	12.8057	12.8448	12.8191	12.7543	12.7152	
12.7409	12.8055	12.8446	12.8191	12.7545	12.7154	
12.7409	12.8053	12.8444	12.8191	12.7547	12.7156	
12.7408	12.805	12.8442	12.8192	12.755	12.7158	
12.7408	12.8048	12.844	12.8192	12.7552	12.716	
12.7408	12.8046	12.8438	12.8192	12.7554	12.7162	
12.7407	12.8043	12.8436	12.8193	12.7557	12.7164	
12.7407	12.8041	12.8434	12.8193	12.7559	12.7166	
12.7407	12.8039	12.8432	12.8193	12.7561	12.7168	
12.7406	12.8036	12.843	12.8194	12.7564	12.717	
12.7406	12.8034	12.8428	12.8194	12.7566	12.7172	
12.7406	12.8032	12.8426	12.8194	12.7568	12.7174	
12.7405	12.8029	12.8424	12.8195	12.7571	12.7176	
12.7405	12.8027	12.8422	12.8195	12.7573	12.7178	
12.7405	12.8025	12.842	12.8195	12.7575	12.718	
12.7405	12.8023	12.8418	12.8195	12.7577	12.7182	
12.7404	12.802	12.8416	12.8196	12.758	12.7184	
12.7404	12.8018	12.8414	12.8196	12.7582	12.7186	
12.7404	12.8016	12.8412	12.8196	12.7584	12.7188	
12.7404	12.8014	12.841	12.8196	12.7586	12.719	
12.7404	12.8011	12.8408	12.8196	12.7589	12.7192	
12.7403	12.8009	12.8406	12.8197	12.7591	12.7194	
12.7403	12.8007	12.8404	12.8197	12.7593	12.7196	
12.7403	12.8005	12.8402	12.8197	12.7595	12.7198	
12.7403	12.8003	12.84	12.8197	12.7597	12.72	
12.7403	12.8	12.8398	12.8197	12.76	12.7202	
12.7402	12.7998	12.8396	12.8198	12.7602	12.7204	
12.7402	12.7996	12.8394	12.8198	12.7604	12.7206	
12.7402	12.7994	12.8392	12.8198	12.7606	12.7208	
12.7402	12.7992	12.839	12.8198	12.7608	12.721	
12.7402	12.799	12.8388	12.8198	12.761	12.7212	
12.7402	12.7988	12.8386	12.8198	12.7612	12.7214	
12.7401	12.7986	12.8384	12.8199	12.7614	12.7216	
12.7401	12.7983	12.8382	12.8199	12.7617	12.7218	
12.7401	12.7981	12.838	12.8199	12.7619	12.722	
12.7401	12.7979	12.8378	12.8199	12.7621	12.7222	
12.7401	12.7977	12.8376	12.8199	12.7623	12.7224	
12.7401	12.7975	12.8374	12.8199	12.7625	12.7226	
12.7401	12.7973	12.8372	12.8199	12.7627	12.7228	
12.7401	12.7971	12.837	12.8199	12.7629	12.723	
12.7401	12.7969	12.8368	12.8199	12.7631	12.7232	
12.7401	12.7967	12.8366	12.8199	12.7633	12.7234	
12.7401	12.7965	12.8364	12.8199	12.7635	12.7236	
12.74	12.7963	12.8362	12.82	12.7637	12.7238	
12.74	12.7961	12.8361	12.82	12.7639	12.7239	
12.74	12.7959	12.8359	12.82	12.7641	12.7241	
12.74	12.7957	12.8357	12.82	12.7643	12.7243	
12.74	12.7955	12.8355	12.82	12.7645	12.7245	
12.74	12.7953	12.8353	12.82	12.7647	12.7247	
12.74	12.7951	12.8351	12.82	12.7649	12.7249	
12.74	12.7949	12.8349	12.82	12.7651	12.7251	
12.74	12.7947	12.8347	12.82	12.7653	12.7253	
12.74	12.7945	12.8345	12.82	12.7655	12.7255	
12.74	12.7943	12.8343	12.82	12.7657	12.7257	
12.74	12.7941	12.8341	12.82	12.7659	12.7259	
12.74	12.794	12.8339	12.82	12.766	12.7261	
12.74	12.7938	12.8337	12.82	12.7662	12.7263	
